832.5 0.204494 832.53 303.959 206.585

-0.228601 0.190353

0.992759 -0.026319 0.117201
0.0139247 0.994339 0.105341
-0.11931 -0.102947 0.987505
-3.84019 3.65164 12.791

0.997397 -0.00482564 0.0719419
0.0175608 0.983971 -0.17746
-0.0699324 0.178262 0.981495
-3.71693 3.76928 13.1974

0.915213 -0.0356648 0.401389
-0.00807547 0.994252 0.106756
-0.402889 -0.100946 0.909665
-2.94409 3.77653 14.2456

0.986617 -0.0175461 -0.16211
0.0337573 0.994634 0.0977953
0.159524 -0.101959 0.981915
-3.40697 3.6362 12.4551

0.967585 -0.196899 -0.158144
0.191542 0.980281 -0.0485827
0.164592 0.0167167 0.98622
-4.07238 3.21033 14.3441
