-6.911106796866743895e-01 3.691912537816236517e-01 5.581102022491262638e+00
1.563998059230527371e+00 1.458531778969957005e+00 4.188903264856548070e+00
-4.832142368590515713e-01 4.261348310218876501e-01 5.562745013474470035e+00
1.483781542133483011e+00 1.472366097884099112e+00 4.250473711023644796e+00
1.556376192528020175e+00 1.362111627275385928e+00 4.192990467189697590e+00
-1.206009665787933782e+00 -1.113325646079431408e+00 6.065229606572445142e+00
-2.955561289578652939e+00 8.835597861490497307e-01 7.732753849968810655e+00
1.520002648678422386e+00 1.408227999016615994e+00 4.235432629339759281e+00
-4.536601711537800452e-01 -1.799476586061502736e+00 6.176202473663824577e+00
1.516217005278319929e+00 1.414349086044502046e+00 4.229218639333046426e+00
1.073282488354787012e-01 2.808060021933676542e-01 5.356516886602627814e+00
-3.629442642474352887e+00 -1.823588864883553873e+00 8.313621755749915465e+00
-6.615987010808666025e-01 4.142710317935703324e-01 5.588037672111314080e+00
-7.003259369269594359e-01 3.676842205986703971e-01 5.590100778537293813e+00
1.377597071061382517e+00 -3.369554693376975441e-01 4.679882826138471508e+00
-5.775203998488620538e-01 -4.456593900374711259e-01 5.801474996573274368e+00
1.558049478837106872e+00 8.436634265991077575e-01 4.385841381584665299e+00
1.611731186080119116e+00 1.449132777456161092e+00 4.139964534580009570e+00
2.196775588547032143e+00 4.360033572309408023e-01 4.658401840752092404e+00
-6.456463331488401236e-01 4.466672187452663811e-01 5.590209070876211328e+00
7.856960031445062720e-01 -8.254590193883355465e-01 5.208034730474367713e+00
1.169971628604312919e+00 2.931550646134770122e-01 4.773819226284120809e+00
-5.703525073728362704e-01 -1.981539114476180030e+00 6.253177217824013034e+00
-4.610285801024188723e-01 -1.860178452713753705e+00 6.155063068771237766e+00
8.171980445266566750e-01 9.241205564485076573e-01 4.963817320948321843e+00
-9.936235989877251207e-02 3.295038503109597450e-01 5.515198204623793288e+00
3.404569605173727864e-01 4.766146785337521674e-01 5.016011832654885261e+00
-5.754636395447492170e-01 -1.852686394754681443e+00 6.259466763602892669e+00
1.538731139810468607e+00 -1.107139731478865130e+00 4.644075921646003025e+00
-5.117340289357684702e-01 -1.813402533770393621e+00 6.201875462283001461e+00
4.024000714186277694e-01 4.426302031448628993e-01 4.973045868814502946e+00
1.473977982643833728e+00 1.368318406455551139e+00 4.275667981699071696e+00
-8.564582391882543666e-01 -4.570040395093620256e-01 6.018185442521343909e+00
-7.927458770673993446e-03 -1.865657438530295753e+00 5.925951528629955334e+00
9.336077936603816019e-01 -1.441740565113608596e+00 5.170065871334961649e+00
1.018508970160228122e+00 -4.588505218493403315e-01 4.989445552728445143e+00
-2.401789021811131963e+00 -3.125205058339879383e-01 7.508379958428958112e+00
5.548107316361242658e-01 -9.237686388809610571e-01 5.385068125580626308e+00
-3.465581638910621987e-01 -5.141315286932863771e-01 5.505542823963967436e+00
1.482644203148657969e+00 1.459332472722240093e+00 4.264797333121330247e+00
-5.622858633403540196e-01 1.180614434427798010e+00 4.374138376956662633e+00
1.037153926337584631e+00 2.646389177282099658e-01 4.881526222186901798e+00
1.640967230031663115e+00 -3.455123584487366228e-01 4.499865855058745368e+00
3.158135150271304425e+00 -1.584224729172164725e+00 5.770229168748658211e+00
-3.435109856601131217e-01 -2.000325389523084585e+00 6.088410174541960984e+00
1.566635936264133333e+00 1.447396451932846828e+00 4.175648416969711896e+00
7.823555271666342570e-01 -1.588070053492008638e-01 5.100212125978185185e+00
-5.037640217282077781e-01 7.862142784311654253e-01 5.394102678083896762e+00
8.310710944328331129e-01 -4.692367614298911804e-01 5.127079182864233253e+00
5.412684057630650081e-01 -1.636541808607643977e+00 5.485072051696900708e+00
8.876187130312352958e-01 6.648268416695285628e-03 5.005864787238180291e+00
7.918861295683098378e-01 -8.346061847336508910e-01 5.199166832215636802e+00
2.156136190189371415e+00 2.584369104472162074e-02 4.762548135264462523e+00
-5.199700569911238635e-01 -1.424522277344139942e+00 5.839975166267578288e+00
-9.189058464889381384e-01 1.402096595727991613e+00 4.235129824004447485e+00
-2.956538045297560036e+00 -9.121526627075241533e-01 7.969650663110133593e+00
2.148177922226253589e+00 4.378684988107212628e-01 4.681239576092766086e+00
4.193343258672265761e-01 -2.250961408744622527e-01 5.399685236359072604e+00
-7.098927703034301206e-01 3.625441297922731843e-01 5.585852402260551131e+00
-1.434137567383340084e+00 1.465309851340923730e+00 4.403467506685019295e+00
-3.521688656934528483e-01 -6.917771640321885851e-01 5.530852003724016086e+00
-6.621086924866904644e-01 4.092289973674341219e-01 5.575295512424980338e+00
1.519042507817207843e+00 1.419208167684760769e+00 4.228607558130374144e+00
-6.708599078415036221e-01 4.087743969403970223e-01 5.597759139072112866e+00
9.926794058779787600e-01 -1.670494968586690110e+00 5.136386707020018427e+00
1.484749037640096692e+00 1.387326921321460960e+00 4.293479049723843310e+00
1.280300691206137875e+00 1.002397642133144195e+00 4.598434365302479065e+00
-9.501051735919553431e-01 -1.498977794204325642e+00 6.087416506176490216e+00
-1.772233827996896105e+00 -3.439547515229658681e-02 7.019479980937306962e+00
2.939605520252518978e-01 -1.907348402831662737e+00 5.700124193793288718e+00
-1.191576804856697480e+00 -1.091624691333923369e+00 6.070046023875033114e+00
8.546006997321012877e-01 1.067396419807227881e+00 4.920270782765976847e+00
-3.989667206708687464e-01 -2.047083835860488588e+00 6.195939957397153641e+00
-6.345313850967927438e-01 4.003412757731467098e-01 5.563791607255406113e+00
-2.938232399100175751e+00 -2.261330068777522406e+00 8.102388343570130047e+00
-4.001026556829359038e+00 -2.001990174204514972e+00 8.423573668083557564e+00
2.556068819670180292e-01 -1.833358941453876678e+00 5.720160112238215966e+00
-3.949034029006953661e-01 -1.537098159007499909e+00 5.684778235921843503e+00
9.423475748661123141e-01 -1.308476418677689157e+00 5.136000392497710898e+00
-1.254455763310117433e+00 8.290573789784954073e-01 5.940616385354573481e+00
-9.412073200065926848e-01 -1.470449999418891540e+00 6.086948534996064808e+00
9.247028094840314960e-01 6.480346952185450649e-01 4.913735213185026929e+00
1.405131756061534176e+00 -1.233262513783124792e+00 4.773363944812335724e+00
9.049880208221298128e-01 4.944332054349744321e-01 4.922744922694056058e+00
8.001879004312495436e-01 -8.514489325697297550e-01 5.191820326823243903e+00
-2.304874397402190134e+00 1.178005014520137284e+00 8.209918093188836252e+00
-6.898177421942700560e-01 4.161144736003792310e-01 5.586995287074902450e+00
2.115856223906742883e+00 -1.074944261443732119e+00 4.872446305674484002e+00
3.419126970113490760e-01 -1.179364145240569206e+00 5.572875495699086912e+00
1.072947258231629064e+00 6.234239914784879266e-01 4.788654793966851564e+00
9.209223549667385766e-01 1.164910986378314917e+00 4.837789974487653133e+00
1.565461363794300453e+00 1.460497329042335091e+00 4.188812717561432031e+00
-1.833788309374680514e+00 1.039740317536472780e+00 5.016389126357995387e+00
-1.853374008787132876e+00 -1.512908632141391374e+00 7.267859024892545428e+00
-5.420500314093292804e-01 -1.930627732943626329e+00 6.240410461913427298e+00
-1.296447315183326954e-01 3.375541408944945365e-01 5.528971766676569644e+00
-6.843484392014541617e-01 7.638038242083668161e-02 5.745139921424808449e+00
-6.679517829147527674e-01 4.001860384629825629e-01 5.573672336994617282e+00
-2.500144444263492291e-02 -1.546356551049978600e+00 5.900500982886359935e+00
-1.421377460253968827e+00 5.114624556217347573e-01 6.486168942398715664e+00
1.468939591723428473e+00 1.479701128547191047e+00 4.265404808178930196e+00
9.247775793792074595e-01 6.474969232550815690e-01 4.914017105673555541e+00
1.555996199445824235e+00 1.360780620616217185e+00 4.191910667781045596e+00
-4.123992464568708272e+00 1.668377094980464603e+00 1.366217333239429266e+01
1.558553314556587743e+00 8.433065205451466539e-01 4.387195092455762335e+00
1.287444511217963772e+00 -4.752448152783257385e-01 4.810458185839120659e+00
-6.805250185982445466e-01 4.244461674847938015e-01 5.747982182904762816e+00
-1.189745796219705110e+00 3.694076372976418665e-01 6.968288359539867471e+00
2.187179542912694341e+00 4.322011436282096053e-01 4.638157823946422731e+00
1.473983207515757066e+00 1.452732285271156165e+00 4.240562394607302998e+00
1.560087720422244306e+00 1.455334674575973875e+00 4.174652219768698380e+00
1.576603291896880865e+00 1.467775463249798351e+00 4.162414547355861139e+00
2.037314955642330450e+00 1.082788764763703115e+00 4.471436877980940139e+00
-5.839042978473666518e-02 -2.749576239898156582e-01 5.569681147928656983e+00
1.589277057620296363e+00 1.441208735146381814e+00 4.155982915438634961e+00
8.580864057423936986e-01 7.763845868274713569e-01 4.940134804014584269e+00
5.478968315065290140e-01 -1.644456688376431996e+00 5.517985412447742100e+00
-6.813414313878100037e-01 3.832485998199943733e-01 5.754752012285217155e+00
1.387052349189500156e+00 -7.233047146730636756e-01 4.798167990934894434e+00
-9.415399421871782915e-01 -1.471111229289161049e+00 6.089211026389504511e+00
-1.726274366108755398e+00 1.042299830211676825e+00 7.210341655411390605e+00
7.914170282429117131e-01 -2.551544768143965136e-01 5.111405388024279794e+00
-5.198082647446149451e-01 -1.426763842806220373e+00 5.849426365465512312e+00
1.601355763962718060e+00 1.470043000907424791e+00 4.144325248516031124e+00
-3.840006975934500133e-01 3.109992320303693325e-01 5.703444878477564650e+00
-4.817702263796320161e-01 -3.857679460963792661e-01 5.780363487389506894e+00
-1.926322317974549003e+00 1.045682192611117944e+00 7.543235624937836725e+00
1.551888258331068915e+00 1.347759975723825665e+00 4.193212168707105114e+00
1.398395040700735281e+00 3.576141811610532573e-01 4.592127708067418546e+00
-6.905676991369557038e-01 4.192328348611011335e-01 5.762233240470478357e+00
2.657337784166732275e-01 -1.455780666191869965e+00 5.663257807920869524e+00
-3.452736975834834743e-01 -1.368192312160402491e+00 5.705205901263999735e+00
-6.379030301842716355e-01 4.376274700054071376e-01 5.758011883899749606e+00
8.228619673456941674e-01 9.113144844357551344e-01 4.943733741344585653e+00
1.082642337410245903e-01 2.814807455812933790e-01 5.406588010647701559e+00
-6.374985455689388125e-01 4.369610085312674030e-01 5.753769554243606699e+00
5.798982650301717223e-01 -1.688932539720976456e+00 5.495570708157205608e+00
-7.688403945125295014e-01 7.988757947732872955e-01 5.833886713342927521e+00
-5.073385843699992348e-01 5.008253062509167020e-01 5.744250553272523874e+00
7.031565131712346206e-01 -1.597071848615482903e+00 5.401230936963843376e+00
7.944961016138647469e-01 -8.381205094164055902e-01 5.213670307262701975e+00
-5.196665132472583215e-01 -1.414132481706663391e+00 5.823115003581492921e+00
4.024870860515263882e-01 4.416982291952737394e-01 4.972740709712367924e+00
-6.154226888995040223e-01 -4.595624154338381895e-01 5.913242553009025571e+00
9.146756109150016023e-01 -9.824452970433429355e-01 5.143709788045496722e+00
-6.228177218039919083e+00 2.787106766868566954e+00 1.908073162210344265e+01
1.020724216335187728e+00 -4.601553667971099437e-01 4.999133138214469696e+00
-7.027542094559799946e-01 9.067088336995203501e-02 5.913250197231140426e+00
-7.099751116531596296e-01 4.266230951116660175e-01 5.750205990435829584e+00
-4.091976672055785968e+00 1.776862903172271801e+00 1.364000332596411447e+01
-5.241922136881939087e-01 8.168221825780218603e-01 5.549306226379078666e+00
9.992787581425059962e-01 -9.941400502429379449e-01 5.108973470677491413e+00
1.467668433918809745e+00 1.362602776133388760e+00 4.257610019802346990e+00
-8.500765272834568398e-01 1.295154322769197064e+00 3.921631167347301439e+00
-7.151869398548900136e-01 3.803584663625023121e-01 5.775308551315792016e+00
3.354230396342810505e-01 4.423775954000781496e-01 5.020769726304642688e+00
9.089379094575211759e-01 4.956289836662404191e-01 4.944192317376756129e+00
-1.055319009095761595e+00 -7.465121205427620588e-01 6.125606014200768890e+00
-7.658680997273020763e-01 7.979076852215593041e-01 5.811337660896179536e+00
9.817502309314288800e-01 4.794972726787182227e-01 4.869820220647365083e+00
1.329515230049770569e+00 1.243751076298472924e+00 4.489249258757462613e+00
-5.855221162205315188e-01 -4.540439616388247668e-01 5.872520579162132215e+00
-2.358789627382944509e-01 1.215030320260998664e+00 4.556801956894882544e+00
-7.294253709393498930e-01 3.719159319139163644e-01 5.739388315100752536e+00
1.207402698990818646e+00 -1.148041275507052816e+00 5.002700128351489361e+00
1.051270652838378616e+00 2.777437699704982110e-01 4.856839449581319634e+00
2.743885514694391903e-01 -1.459207893315636717e+00 5.675670024887621068e+00
-1.321722631187364660e+00 -1.102838704770344957e+00 6.322557348918380171e+00
5.551435028156405105e-01 -9.252133008256457902e-01 5.387301639669536790e+00
-4.173022794539141822e-01 -5.104464937995221302e-02 5.730047615602073208e+00
1.511450266065241133e+00 1.410467138421756417e+00 4.216256142969434073e+00
1.243206393836488122e+00 1.105888213932662900e+00 4.578579705202906247e+00
1.514917153262121285e+00 1.406490088267767780e+00 4.208908507278438904e+00
-5.355709692125780741e-01 1.123260313541479816e+00 4.166872144562867142e+00
2.078374643951545475e-01 -1.462934756017742144e+00 5.713873579282131132e+00
5.839887977736585994e-02 -1.820198435512298873e+00 5.893102851107260953e+00
1.561064645568125853e+00 1.443335898986874311e+00 4.161224436555801987e+00
1.484135103363249941e-01 8.911457541664973003e-02 5.372670532711401492e+00
1.386756920188523479e+00 -3.394043726242517156e-01 4.709959064044585197e+00
-6.878144616319004090e-01 4.114703023524000636e-01 5.739463672585185527e+00
-6.162197730927904127e-01 -1.215808599938562329e-01 5.946472987330870374e+00
1.430324066318011678e+00 -1.419201577797400970e-01 4.652142643608954131e+00
1.472190772256745328e+00 1.374310648491409825e+00 4.270644148888438352e+00
-4.733323600679685272e-01 -7.821272787287429917e-01 5.595205093743084390e+00
-3.731692906387641950e-01 -1.352820161995549553e+00 5.717521577011683398e+00
8.437639004261144882e-01 2.653263607704187121e-01 5.025902093649003533e+00
-5.208132776987597912e-02 -9.716702959583809474e-01 5.610995046445307999e+00
5.499616840024224018e-01 -1.670424343254364397e+00 5.518194577922877819e+00
-1.304278428643006584e-03 -1.831565633838534435e+00 5.923373129650793878e+00
-4.978544792566586552e-01 4.375824318657244305e-01 5.731056781733083305e+00
1.514522540428152819e+00 1.401333687156275376e+00 4.216298853001910985e+00
-4.060173577350747465e-01 -7.656171695208845440e-01 5.535990465657603110e+00
-6.933117987973574925e-01 3.778326975163514567e-01 5.767566346376912456e+00
-3.232996746759095874e-01 -3.777088321408447052e-02 5.649796723242722862e+00
1.003323129438629335e+00 -1.047804505794847740e+00 5.100891209499523349e+00
-4.267612855822989770e-01 -1.409229848696396559e+00 5.770822766815412841e+00
8.633181654578319097e-01 -8.410019197343479025e-01 5.196012500120704480e+00
-1.048533351136418768e+00 2.119790162224778618e-01 6.456445048676002330e+00
-6.747068355956779007e-01 -5.822253253919380533e-01 5.944840533450364894e+00
9.885112480297287840e-01 -3.499318673498568177e-01 4.992875199038389056e+00
4.320816846740447303e-01 -1.202221737135208857e+00 5.512487240743136674e+00
-5.611936600247914297e-01 -1.510524308707316354e+00 5.824773953388711512e+00
-2.545695267750079302e-02 -1.546419309265018027e+00 5.894911341120143256e+00
2.142074155396107293e-01 -1.717268162551487842e+00 5.764284695628715482e+00
-3.940614591508269648e-01 -7.858007412936602876e-01 5.536377059034545134e+00
-6.834805432355165467e-01 -2.314016144874294148e-02 5.949197452316707491e+00
7.866496217709705308e-01 -8.266086561389855980e-01 5.211977511778078664e+00
4.200347613773924293e-01 -2.281546911722023563e-01 5.413768736560052197e+00
-6.421381000023638208e-01 3.822498717701776627e-01 5.776609713299730053e+00
-7.490892991542806856e-01 -3.821804019770183025e-01 6.040274913722944561e+00
4.969450895853826794e-02 -1.744156057070513688e+00 5.867066001764871253e+00
-2.305589717324699528e+00 1.177369685964959611e+00 8.212679329255115235e+00
2.333132353946765214e-01 3.718614229077702449e-01 5.263162329513925819e+00
-9.945168620590248976e-01 -7.314062119246473870e-01 6.041751535229850312e+00
-6.630757373490022699e-01 4.573606158561267510e-01 5.795801372088838832e+00
-9.620674898942994657e-01 -1.447619571924866788e+00 6.144621514620567382e+00
1.094618465919648065e+00 -6.594786266978481803e-01 4.979687816852469417e+00
-9.018673232427220077e-01 3.672793847290429792e-01 6.301214052005596145e+00
1.708750196224395335e-01 1.148479246285340150e+00 4.801591146704728530e+00
8.533133456486847734e-01 -8.350467443843354598e-01 5.181407446852306364e+00
3.291727473576351315e-01 -1.307725991006765343e+00 5.590876314843773898e+00
-1.997666305869275905e-01 7.773398579247521312e-01 5.216858801687612512e+00
7.885003544387065855e-01 8.107280986565078562e-01 4.986921101050143967e+00
4.356590577728832736e-01 -9.919487224342654619e-01 5.483959001975964753e+00
1.470036020898473073e+00 1.473443965501856523e+00 4.242650144164157311e+00
1.562794735551205516e+00 1.363803487212064791e+00 4.202514656546354033e+00
1.565743203884812473e+00 1.461005102323717164e+00 4.181280645843079569e+00
1.453709394825002166e+00 1.354371054119845486e+00 4.275891245338025115e+00
1.514034552516263954e+00 1.418901816316379128e+00 4.215545618914524617e+00
1.476978939024317761e+00 1.472649099159037522e+00 4.235348792536550278e+00
1.467367434973610330e+00 1.363137133466885142e+00 4.257560459864747848e+00
1.467153908949385022e+00 1.364590849978785103e+00 4.257165504165898895e+00
1.514253927530500698e+00 1.417465508616928771e+00 4.215939182957994191e+00
1.433650278314570814e+00 1.446549421112819367e+00 4.269858962942909564e+00
-5.200616246358287231e-01 8.085668163179782209e-01 5.501513647226349057e+00
-8.492516788407385997e-01 1.299669919934383078e+00 3.965607547972483271e+00
-6.928911500956848046e-01 3.751638498828966384e-01 5.746042046084068211e+00
1.615481405026055528e+00 1.453186066931757114e+00 4.147031322924243035e+00
1.383914846363019091e+00 1.263111127484586982e+00 4.442584319017751859e+00
-5.241804045406459611e-01 8.196567873271024540e-01 5.498684947888492047e+00
9.670467206447395936e-02 1.486530071389095431e+00 4.704416470907890613e+00
-4.143369496916357586e-01 -1.188803594167385791e+00 5.474753075476150421e+00
1.194611155746988729e+00 1.021948535924627866e+00 4.634019229570843557e+00
-6.970388693686506709e-01 3.876961637369297775e-01 5.744488187251169720e+00
-3.969857269368239017e+00 1.376348659360815407e+00 1.330164059399515608e+01
-6.231424146305193368e-01 -4.838528157636498017e-01 5.975547815031058363e+00
2.456951535745870996e-01 4.885753521791656451e-01 5.268949612528060378e+00
1.463431170071188170e+00 1.478240864012321687e+00 4.247765162866749655e+00
-1.357475879732647772e-01 1.863112080264140991e-01 5.674343888425974036e+00
-7.826104486042138042e-01 8.189466222235312065e-01 5.779966848823517189e+00
1.312912673044711820e+00 2.823185142237921164e-01 4.666363912695616456e+00
1.575610538289956564e+00 1.454150322318685351e+00 4.184286532427897498e+00
8.906100633823370583e-01 -9.172135579538949202e-01 5.153224422155021855e+00
1.510902033138235234e+00 1.414386233358146727e+00 4.221062324874168326e+00
-1.686413119003300709e+00 9.882788764015250083e-01 7.033321129835925056e+00
-6.832110031344158507e-01 3.797635557114718008e-01 5.747193149524190581e+00
1.566066294685318994e+00 8.435428810081583295e-01 4.399753496947603537e+00
5.476502735412259737e-01 -1.632257521960221780e+00 5.499624564080967559e+00
-3.822512665947595534e-01 -1.520371069995394731e+00 5.673455081419087165e+00
4.010853673212265713e-01 4.433688971871848628e-01 4.965437098193346444e+00
4.440692814585652792e-01 -1.605701097540907618e+00 5.584124869207168551e+00
3.370039258557840922e-01 4.754703231159402854e-01 5.003388506723778661e+00
-6.511112279557734750e-01 1.091140645359386818e+00 4.126644249348015769e+00
6.640451356505902014e-01 -2.799221285523429414e-01 5.249985191921155980e+00
9.062024503245112994e-01 9.546008551569880041e-01 4.863782297201534988e+00
-7.067074090108664830e-01 -8.123840472959338588e-02 6.128071193494657898e+00
2.700107170777608645e-01 -1.544587153954577907e+00 5.705435589163375454e+00
-1.012680399491381111e+00 -7.663677802687194340e-01 6.153584777584658383e+00
3.029350131652193477e-04 7.537225991629469268e-01 4.994456510483241907e+00
1.435993243595195645e+00 -8.757376557464391365e-01 4.790641622243993147e+00
-6.878606976351657742e-01 4.110927090086325397e-01 5.739239755269179177e+00
1.594694801418101715e+00 1.445094084809835921e+00 4.164451877597235452e+00
-1.337905934885165626e+00 1.041687360581254662e+00 6.543245377065266766e+00
1.221481647377315738e-01 7.301354609142196583e-01 4.887030423819656910e+00
7.929554056650470750e-01 -8.370512384444183107e-01 5.207825488279003601e+00
9.750283012644181957e-01 -1.588678063313553990e+00 5.207893156484236563e+00
1.091475241093961546e-01 2.767482154756805701e-01 5.418131399654648739e+00
-2.030975053375380368e-01 7.794643930797672260e-01 5.172066422306532907e+00
-7.645407801749378729e-01 8.017562637737833953e-01 5.786485665509824905e+00
5.578299111641221719e-01 -9.335789199739938926e-01 5.404607124819018615e+00
1.516223026992701506e+00 1.404524424825311035e+00 4.219474917375115375e+00
1.516756862781616810e+00 1.415606284200081832e+00 4.225251127237216409e+00
-6.631206474688845498e-01 4.571756641229702267e-01 5.795417609695938665e+00
4.714926633996815997e-01 -9.894353260508875758e-01 5.485944301501647580e+00
8.116649783793531414e-01 8.123072624061812297e-01 4.963395511919533654e+00
-6.813079264567252213e-01 3.817066094253788733e-01 5.746806415928479517e+00
-8.185559020499251215e-01 -4.435727686905037159e-01 6.189592276842169838e+00
1.557550190701063819e+00 1.376146989109769070e+00 4.219860715310455923e+00
-7.297444466990467005e-01 3.715328311352990021e-01 5.744454465004602994e+00
2.292009086377580496e-01 -1.563831230349859380e+00 5.733270529208789767e+00
-4.293212885188586014e+00 1.688920355744554458e+00 1.414184552321794364e+01
8.521677214118087429e-01 1.071017346006362558e+00 4.909384569206617144e+00
-4.070347574135091406e+00 1.749721155531924310e+00 1.355467985681944398e+01
2.049835348797417911e+00 1.095012889747370766e+00 4.510927966026867075e+00
1.605215023844364985e+00 1.472774122632086069e+00 4.150300208114030553e+00
-1.020795424228873940e-03 8.375313261370781470e-01 4.983464611996352822e+00
1.616095482933615157e+00 1.451714794338860637e+00 4.145686351273319303e+00
1.703967666441677242e-01 -1.698139735011206186e+00 5.806181393867772655e+00
-5.400315792241634494e-01 1.089867699909467857e+00 4.172380996129587238e+00
1.580888091023029851e+00 1.472543044303698423e+00 4.169484219375564571e+00
-3.921189843953509779e-01 -7.857566374159926648e-01 5.547716172087027608e+00
-7.068542294188711050e-01 7.871946512061414603e-02 5.949308591235515919e+00
1.386035440824435083e+00 -7.143385214762207891e-01 4.790221143965423423e+00
1.133401951437061767e-01 7.419205238326668228e-01 4.886453361318038091e+00
1.519347662616393313e+00 1.409050328879900782e+00 4.213962466245960492e+00
3.419912042935491781e-01 4.477863498957311839e-01 5.008680297070862153e+00
-3.509229059286971264e-01 2.291285501435232907e-01 5.672610369507538053e+00
-5.247139248032186565e-01 4.706113664799745355e-01 5.702181999179373406e+00
2.058279522154270236e+00 1.030681092813277688e+00 4.530177077831271326e+00
-4.227462219820856126e-01 -1.408324821685791095e+00 5.780761904252218919e+00
2.688466765767089650e-01 -1.469157161289156743e+00 5.691447293096791427e+00
1.436235007736536229e+00 -1.437028113138413554e-01 4.662889536239090305e+00
-7.101497627453106087e-01 4.249181644268323343e-01 5.748542656245436255e+00
1.475298496852029295e+00 1.458080053309559476e+00 4.243692923228191027e+00
-5.921589949935349706e-01 -4.764051349665756052e-01 5.930937969905377471e+00
1.516441228093501570e+00 1.403084939833665334e+00 4.219867069719905217e+00
9.251160273776830589e-01 6.462887934400702861e-01 4.915098092575609812e+00
-1.333417036430219360e+00 3.739606043995560847e-01 7.090613588022947056e+00
-2.238270595273153862e+00 1.107858460844167725e+00 7.941256798475271772e+00
2.186718500402091703e+00 -5.339962204606303331e-01 4.822444307656102325e+00
1.190113443360975687e+00 1.125919093965486451e-01 4.790690766458870264e+00
-3.254379297227713574e-01 -7.932987586616226938e-01 5.478506528114791330e+00
1.244626555232530712e-01 8.588097795447462435e-01 4.862659125171594710e+00
-1.202905672896026488e+02 4.288912355295170187e+01 3.098118465978833456e+02
3.172138426444409132e-01 7.222052776103019545e-01 4.730959751117503664e+00
5.500840484810373132e-01 -1.657030819085762996e+00 5.499183566081384811e+00
-6.203461604961596487e-01 -1.352070512235166444e-01 6.005857258714628166e+00
9.178577867170323312e-01 -9.788371258931453101e-01 5.146251066162488286e+00
-5.915549565557918221e-01 9.790565975583594982e-01 5.557913571707964628e+00
1.428296437764531968e+00 1.221110128594044220e+00 4.435489165023819069e+00
1.088456861868351666e+00 -2.743782264340356991e-01 4.923091417141647774e+00
1.233250287893634889e+00 9.926013071163077850e-01 4.610197802624604435e+00
-7.122164697475948936e-01 4.096173237502623299e-01 5.771342739625251461e+00
1.436614857064768547e+00 -1.414982289589925835e-01 4.663337403696674599e+00
6.532010945338125874e-01 -4.355085992664927130e-01 5.261836548400236957e+00
1.090520571498682312e+00 1.097899011899262867e+00 4.695734305292226018e+00
4.654027749119781232e-01 -5.969079477220601282e-01 5.443164434864580237e+00
7.925826907001805033e-01 -8.308137954663998848e-01 5.230321371199146974e+00
1.507023653822794795e+00 1.481497172543749352e+00 4.189150040887802184e+00
9.243415082017598650e-01 -1.290478395670569212e+00 5.177725684968409681e+00
8.544486581248736945e-01 5.921323266237754623e-01 4.991663921264050785e+00
6.878326568437592714e-02 1.446537384425498951e+00 5.991271201107058353e+00
-5.251671459953154431e-01 8.069138112866942603e-01 5.466111148005190046e+00
1.514875517172145303e+00 1.416211861409600425e+00 4.216381463781847749e+00
1.518569161064496464e+00 1.406555355895230397e+00 4.212974200374490330e+00
1.574820825958424875e+00 1.467282726301545992e+00 4.163301512625277923e+00
1.465841522882746384e+00 1.470541352983551375e+00 4.238070011678829907e+00
1.570715150612369770e+00 1.451342376186128602e+00 4.178852802900423491e+00
-7.330163236132372084e-01 3.366790704976515558e-01 5.708472315855242840e+00
1.041008560045032949e+00 2.713688191542323325e-01 4.873155604233458504e+00
1.611951885817192620e+00 1.410659626205615025e+00 4.273982445763243376e+00
1.514719398035387687e+00 1.417808671117218422e+00 4.216051974494591903e+00
1.196480353507562544e+00 1.021567558883459403e+00 4.636552056546721978e+00
9.478506565275940376e-01 -6.478536923285792559e-01 5.066327681488261625e+00
-4.201151607775452934e-01 -1.162700591768442537e+00 5.427271559420466573e+00
4.212591388598516118e-01 -9.984761561884686332e-01 5.475016621866326538e+00
-1.110291592571511332e+00 1.275515956944426765e+00 4.536415286800693281e+00
-4.123313117962252861e+00 2.103372874688354877e+00 1.086352585004860494e+01
-5.262410282354479385e-01 8.971312727953731914e-01 5.455580053190855594e+00
1.188817534841583257e+00 1.094321331667453406e-01 4.789846758172674690e+00
-6.508787304816024966e-01 1.432603281543990970e-01 5.783490242348368504e+00
-1.083187919923759512e+00 -7.764651794185668532e-01 6.096084197781754810e+00
1.430732980255558839e+00 2.625336014739493296e-01 4.613219229377619968e+00
1.512416058703363486e+00 1.413095854359760928e+00 4.222429187508722315e+00
7.814998898497589330e-01 8.089261907154162712e-01 4.975221156404604272e+00
1.241159282452203527e+00 3.160609054965019538e-01 4.712942669765115333e+00
4.512695084083726549e-01 -5.993167591049299858e-01 5.415045788680317607e+00
-2.034842129985244552e-01 7.816798844329275742e-01 5.170629556079325617e+00
-1.108944441897767419e+00 1.275479144033776047e+00 4.536073361547505733e+00
2.947296065175815556e-03 -1.512599837673741066e+00 5.820283901321591458e+00
-9.863987945483406738e-01 2.639645552035229659e-01 6.195869437076862773e+00
-1.009733516654464536e+00 9.725481381163629813e-01 5.942789512936677454e+00
9.186528672920901695e-01 1.173919860875997312e+00 4.822984531376574679e+00
6.582658825114264811e-01 -2.775125278656362382e-01 5.223741240898229776e+00
-6.533916014875288392e-01 3.681471805015552046e-01 5.701157312408979827e+00
1.412026919973644601e+00 3.513412503692227573e-01 4.611174098483155070e+00
1.467407537174842957e+00 1.363393020618408613e+00 4.257280470720950838e+00
-1.811484846402710236e+00 9.982393734371509675e-01 6.801955675036204241e+00
8.805370533680078049e-01 -3.975557666555377088e-03 5.001391123617486834e+00
1.712505335545974061e-01 1.162045350817706879e+00 4.785173179016027234e+00
1.430852580997530765e+00 2.608041324480536716e-01 4.613540983841748044e+00
1.408079436232250077e-02 1.648886157506677941e-01 5.429025756028135419e+00
1.467553866312595545e+00 1.361783231356453738e+00 4.257605480188974667e+00
5.430321311471375534e-02 8.244388062205577627e-01 4.943551997329426406e+00
-9.396045813662147195e-01 -7.839335070448594234e-01 5.948579043883756690e+00
1.464156138419491660e+00 1.450657630871928339e+00 4.231833601741290529e+00
1.327581502274422176e+00 -3.408384274530278368e-01 4.785140964269830377e+00
1.434420434669589017e+00 1.221386852448851368e+00 4.442428848177617517e+00
3.155054273154703215e-01 6.895611787340054644e-01 4.754601645387953823e+00
1.516285206325148849e+00 1.400900173883760758e+00 4.219477911761535971e+00
9.053743369658456830e-01 9.541865554518457193e-01 4.862477835944581273e+00
-6.060849799878935684e-01 -4.788070601722205222e-01 5.840636892222797805e+00
1.190854594599439764e-01 7.103835461969334464e-01 4.890227153587076714e+00
1.567310496018974986e+00 1.459453931146944772e+00 4.182602861379986159e+00
-7.644272918140984086e-01 -4.478433725237708773e-01 5.977283526438982975e+00
-2.088406692835889533e+00 9.979756265807645521e-01 7.116951887047559211e+00
-5.837146187375992223e-01 6.636058160482439794e-01 3.970032383762118755e+00
1.055954284142569310e+00 7.258803047056198166e-01 4.780175743469484040e+00
5.516736689092087698e-01 -6.475558715086614514e-01 5.324651658514452990e+00
-5.438772708151164981e-01 4.368124726626535503e-01 5.618459114628144846e+00
-2.690224981446402361e-02 -9.247632358206438197e-02 5.484130527782470566e+00
7.429161885109442087e-01 1.343676380822677041e+00 4.928504225960098850e+00
9.671147597283630271e-01 2.946752538840163860e-01 4.911187378804051207e+00
1.214624780399316206e+00 1.130043187423287687e+00 4.587407406944412180e+00
-6.716059471818722759e-01 -4.583356281009848820e-01 5.908097936969683772e+00
8.509941363020292471e-01 1.072805892334074640e+00 4.907467310108972747e+00
6.243563160604327367e-01 -7.318612137437954246e-01 5.295519465401040904e+00
9.189748782033317631e-02 2.688513242712367024e-01 5.364751985159755598e+00
1.613791575879660378e+00 1.447862354354531700e+00 4.143282529109968415e+00
-6.184735426013513448e-01 1.159313292897848013e+00 4.322555635335769253e+00
-1.845004265350458583e+00 6.949369139045435961e-01 7.140753224291652934e+00
-6.909244107556740122e-01 -4.599881881574234554e-02 5.853786501346191606e+00
-6.171658823181221942e-01 1.161434462285914515e+00 4.321966914978888852e+00
-4.682910919102408087e+00 3.046868158841350205e+00 1.133180768400906757e+01
7.845360458490366895e-01 -8.225478946168301997e-01 5.216086592126179866e+00
-5.934981380242791982e-01 9.806253326990507224e-01 5.530068234637022684e+00
-1.051925880121844292e+00 -2.509049933003786870e-01 3.818027503610719187e+00
1.021297323672005319e+00 -4.672613263044896326e-01 4.999669093836457634e+00
9.502582615784291864e-01 1.261210183075688995e+00 4.786902188279802850e+00
3.173882219243576164e-01 7.232614062680723377e-01 4.731288908872986809e+00
-6.377172598241989121e-01 2.168469124982039253e-01 5.873976149346044728e+00
-3.947182169953321607e-01 5.467689253023330087e-01 5.613241272018575145e+00
-4.412560178552574208e-02 4.915604375972337237e-01 5.482255457968562951e+00
1.619484869405972249e+00 1.450384793679218687e+00 4.148724766115769569e+00
-7.207017102454801316e-01 4.014907514067598271e-01 5.675608625518802519e+00
-1.783630383931439578e+00 1.402881709432560076e+00 5.171376223189635191e+00
1.217610569466831327e+00 1.079978539739652466e-01 4.773559490055718335e+00
7.209834864559457879e-01 9.683187673728906042e-02 5.127539248714266584e+00
8.106984049848250384e-01 8.105120797480687145e-01 4.961805290614202057e+00
-1.014594978528440654e-02 5.208587090890604010e-02 5.456394786983416623e+00
-3.413420771876851112e-01 -5.432114508515506479e-02 5.581955414655447534e+00
9.532497871588497818e-01 1.315872377800541226e+00 4.773357445117128783e+00
-7.179179196167965182e-01 4.142547270927942615e-01 5.664474292583215664e+00
1.509870827163561247e+00 1.400469538125769464e+00 4.214764434913237601e+00
1.104649866818125270e+00 9.677263358258394454e-01 4.702853556612255126e+00
-1.224105508226691397e+00 -1.128997740808584505e+00 6.095427175494440242e+00
7.850058314121848291e-01 -8.323437730540075297e-01 5.194837242421025181e+00
-5.897652346725119621e-01 -1.207554216262584967e+00 5.670698175176167588e+00
-4.319786589812366628e-01 1.097989647125795942e+00 4.355005739333426718e+00
-1.070060106423038171e+00 1.377781841259409501e-01 3.882544809923792695e+00
4.756061014453908942e-01 -1.114922392044095822e+00 5.432738552697223611e+00
4.246147943406843317e-01 -6.794394937455356942e-01 5.426400826126416277e+00
5.411597481165077994e-01 -5.994922623819706198e-01 5.324242895993098301e+00
1.806367666368589309e-01 4.874471454685648797e-01 5.269542736329443144e+00
1.390380945386271661e+00 5.436426310593026612e-01 4.585014381146757856e+00
1.460813207510428979e+00 1.477011255432479020e+00 4.244799608667374713e+00
-1.517345619220175079e+00 6.410125823112827748e-01 3.950814283685719186e+00
9.955642837612757035e-01 -3.192804459045690546e-01 4.980052919419831525e+00
-8.035572325815121264e-01 8.109947563431596507e-01 5.729187452651157031e+00
-7.436088784307326449e-01 -4.070799408350063153e-01 5.502270698832903761e+00
1.401701409652379215e+00 -3.371793472410962722e-01 4.733218240917789643e+00
-1.272967440951151330e+00 4.979470669096444646e-01 3.321352592415926619e+00
4.116713299068750498e-01 4.782978591324810735e-01 4.935065703128275416e+00
8.506441707814019759e-01 7.732422356588134482e-01 4.931796610168000861e+00
