-6.911106796866743895e-01 3.691912537816236517e-01 5.581102022491262638e+00
1.563998059230527371e+00 1.458531778969957005e+00 4.188903264856548070e+00
-4.832142368590515713e-01 4.261348310218876501e-01 5.562745013474470035e+00
1.483781542133483011e+00 1.472366097884099112e+00 4.250473711023644796e+00
1.556376192528020175e+00 1.362111627275385928e+00 4.192990467189697590e+00
-1.206009665787933782e+00 -1.113325646079431408e+00 6.065229606572445142e+00
-2.955561289578652939e+00 8.835597861490497307e-01 7.732753849968810655e+00
1.520002648678422386e+00 1.408227999016615994e+00 4.235432629339759281e+00
-4.536601711537800452e-01 -1.799476586061502736e+00 6.176202473663824577e+00
1.516217005278319929e+00 1.414349086044502046e+00 4.229218639333046426e+00
1.073282488354787012e-01 2.808060021933676542e-01 5.356516886602627814e+00
-3.629442642474352887e+00 -1.823588864883553873e+00 8.313621755749915465e+00
-6.615987010808666025e-01 4.142710317935703324e-01 5.588037672111314080e+00
-7.003259369269594359e-01 3.676842205986703971e-01 5.590100778537293813e+00
1.377597071061382517e+00 -3.369554693376975441e-01 4.679882826138471508e+00
-5.775203998488620538e-01 -4.456593900374711259e-01 5.801474996573274368e+00
1.558049478837106872e+00 8.436634265991077575e-01 4.385841381584665299e+00
1.611731186080119116e+00 1.449132777456161092e+00 4.139964534580009570e+00
2.196775588547032143e+00 4.360033572309408023e-01 4.658401840752092404e+00
-6.456463331488401236e-01 4.466672187452663811e-01 5.590209070876211328e+00
7.856960031445062720e-01 -8.254590193883355465e-01 5.208034730474367713e+00
1.169971628604312919e+00 2.931550646134770122e-01 4.773819226284120809e+00
-5.703525073728362704e-01 -1.981539114476180030e+00 6.253177217824013034e+00
-4.610285801024188723e-01 -1.860178452713753705e+00 6.155063068771237766e+00
8.171980445266566750e-01 9.241205564485076573e-01 4.963817320948321843e+00
-9.936235989877251207e-02 3.295038503109597450e-01 5.515198204623793288e+00
3.404569605173727864e-01 4.766146785337521674e-01 5.016011832654885261e+00
-5.754636395447492170e-01 -1.852686394754681443e+00 6.259466763602892669e+00
1.538731139810468607e+00 -1.107139731478865130e+00 4.644075921646003025e+00
-5.117340289357684702e-01 -1.813402533770393621e+00 6.201875462283001461e+00
4.024000714186277694e-01 4.426302031448628993e-01 4.973045868814502946e+00
1.473977982643833728e+00 1.368318406455551139e+00 4.275667981699071696e+00
-8.564582391882543666e-01 -4.570040395093620256e-01 6.018185442521343909e+00
-7.927458770673993446e-03 -1.865657438530295753e+00 5.925951528629955334e+00
9.336077936603816019e-01 -1.441740565113608596e+00 5.170065871334961649e+00
1.018508970160228122e+00 -4.588505218493403315e-01 4.989445552728445143e+00
-2.401789021811131963e+00 -3.125205058339879383e-01 7.508379958428958112e+00
5.548107316361242658e-01 -9.237686388809610571e-01 5.385068125580626308e+00
-3.465581638910621987e-01 -5.141315286932863771e-01 5.505542823963967436e+00
1.482644203148657969e+00 1.459332472722240093e+00 4.264797333121330247e+00
-5.622858633403540196e-01 1.180614434427798010e+00 4.374138376956662633e+00
1.037153926337584631e+00 2.646389177282099658e-01 4.881526222186901798e+00
1.640967230031663115e+00 -3.455123584487366228e-01 4.499865855058745368e+00
3.158135150271304425e+00 -1.584224729172164725e+00 5.770229168748658211e+00
-3.435109856601131217e-01 -2.000325389523084585e+00 6.088410174541960984e+00
1.566635936264133333e+00 1.447396451932846828e+00 4.175648416969711896e+00
7.823555271666342570e-01 -1.588070053492008638e-01 5.100212125978185185e+00
-5.037640217282077781e-01 7.862142784311654253e-01 5.394102678083896762e+00
8.310710944328331129e-01 -4.692367614298911804e-01 5.127079182864233253e+00
5.412684057630650081e-01 -1.636541808607643977e+00 5.485072051696900708e+00
8.876187130312352958e-01 6.648268416695285628e-03 5.005864787238180291e+00
7.918861295683098378e-01 -8.346061847336508910e-01 5.199166832215636802e+00
2.156136190189371415e+00 2.584369104472162074e-02 4.762548135264462523e+00
-5.199700569911238635e-01 -1.424522277344139942e+00 5.839975166267578288e+00
-9.189058464889381384e-01 1.402096595727991613e+00 4.235129824004447485e+00
-2.956538045297560036e+00 -9.121526627075241533e-01 7.969650663110133593e+00
2.148177922226253589e+00 4.378684988107212628e-01 4.681239576092766086e+00
4.193343258672265761e-01 -2.250961408744622527e-01 5.399685236359072604e+00
-7.098927703034301206e-01 3.625441297922731843e-01 5.585852402260551131e+00
-1.434137567383340084e+00 1.465309851340923730e+00 4.403467506685019295e+00
-3.521688656934528483e-01 -6.917771640321885851e-01 5.530852003724016086e+00
-6.621086924866904644e-01 4.092289973674341219e-01 5.575295512424980338e+00
1.519042507817207843e+00 1.419208167684760769e+00 4.228607558130374144e+00
-6.708599078415036221e-01 4.087743969403970223e-01 5.597759139072112866e+00
9.926794058779787600e-01 -1.670494968586690110e+00 5.136386707020018427e+00
1.484749037640096692e+00 1.387326921321460960e+00 4.293479049723843310e+00
1.280300691206137875e+00 1.002397642133144195e+00 4.598434365302479065e+00
-9.501051735919553431e-01 -1.498977794204325642e+00 6.087416506176490216e+00
-1.772233827996896105e+00 -3.439547515229658681e-02 7.019479980937306962e+00
2.939605520252518978e-01 -1.907348402831662737e+00 5.700124193793288718e+00
-1.191576804856697480e+00 -1.091624691333923369e+00 6.070046023875033114e+00
8.546006997321012877e-01 1.067396419807227881e+00 4.920270782765976847e+00
-3.989667206708687464e-01 -2.047083835860488588e+00 6.195939957397153641e+00
-6.345313850967927438e-01 4.003412757731467098e-01 5.563791607255406113e+00
-2.938232399100175751e+00 -2.261330068777522406e+00 8.102388343570130047e+00
-4.001026556829359038e+00 -2.001990174204514972e+00 8.423573668083557564e+00
2.556068819670180292e-01 -1.833358941453876678e+00 5.720160112238215966e+00
-3.949034029006953661e-01 -1.537098159007499909e+00 5.684778235921843503e+00
9.423475748661123141e-01 -1.308476418677689157e+00 5.136000392497710898e+00
-1.254455763310117433e+00 8.290573789784954073e-01 5.940616385354573481e+00
-9.412073200065926848e-01 -1.470449999418891540e+00 6.086948534996064808e+00
9.247028094840314960e-01 6.480346952185450649e-01 4.913735213185026929e+00
1.405131756061534176e+00 -1.233262513783124792e+00 4.773363944812335724e+00
9.049880208221298128e-01 4.944332054349744321e-01 4.922744922694056058e+00
8.001879004312495436e-01 -8.514489325697297550e-01 5.191820326823243903e+00
-2.304874397402190134e+00 1.178005014520137284e+00 8.209918093188836252e+00
-6.898177421942700560e-01 4.161144736003792310e-01 5.586995287074902450e+00
2.115856223906742883e+00 -1.074944261443732119e+00 4.872446305674484002e+00
3.419126970113490760e-01 -1.179364145240569206e+00 5.572875495699086912e+00
1.072947258231629064e+00 6.234239914784879266e-01 4.788654793966851564e+00
9.209223549667385766e-01 1.164910986378314917e+00 4.837789974487653133e+00
1.565461363794300453e+00 1.460497329042335091e+00 4.188812717561432031e+00
-1.833788309374680514e+00 1.039740317536472780e+00 5.016389126357995387e+00
-1.853374008787132876e+00 -1.512908632141391374e+00 7.267859024892545428e+00
-5.420500314093292804e-01 -1.930627732943626329e+00 6.240410461913427298e+00
-1.296447315183326954e-01 3.375541408944945365e-01 5.528971766676569644e+00
-6.843484392014541617e-01 7.638038242083668161e-02 5.745139921424808449e+00
-6.679517829147527674e-01 4.001860384629825629e-01 5.573672336994617282e+00
-2.500144444263492291e-02 -1.546356551049978600e+00 5.900500982886359935e+00
-1.421377460253968827e+00 5.114624556217347573e-01 6.486168942398715664e+00
1.468939591723428473e+00 1.479701128547191047e+00 4.265404808178930196e+00
9.247775793792074595e-01 6.474969232550815690e-01 4.914017105673555541e+00
1.555996199445824235e+00 1.360780620616217185e+00 4.191910667781045596e+00
-4.123992464568708272e+00 1.668377094980464603e+00 1.366217333239429266e+01
1.558553314556587743e+00 8.433065205451466539e-01 4.387195092455762335e+00
1.287444511217963772e+00 -4.752448152783257385e-01 4.810458185839120659e+00
-6.805250185982445466e-01 4.244461674847938015e-01 5.747982182904762816e+00
-1.189745796219705110e+00 3.694076372976418665e-01 6.968288359539867471e+00
2.187179542912694341e+00 4.322011436282096053e-01 4.638157823946422731e+00
1.473983207515757066e+00 1.452732285271156165e+00 4.240562394607302998e+00
1.560087720422244306e+00 1.455334674575973875e+00 4.174652219768698380e+00
1.576603291896880865e+00 1.467775463249798351e+00 4.162414547355861139e+00
2.037314955642330450e+00 1.082788764763703115e+00 4.471436877980940139e+00
-5.839042978473666518e-02 -2.749576239898156582e-01 5.569681147928656983e+00
1.589277057620296363e+00 1.441208735146381814e+00 4.155982915438634961e+00
8.580864057423936986e-01 7.763845868274713569e-01 4.940134804014584269e+00
5.478968315065290140e-01 -1.644456688376431996e+00 5.517985412447742100e+00
-6.813414313878100037e-01 3.832485998199943733e-01 5.754752012285217155e+00
1.387052349189500156e+00 -7.233047146730636756e-01 4.798167990934894434e+00
-9.415399421871782915e-01 -1.471111229289161049e+00 6.089211026389504511e+00
-1.726274366108755398e+00 1.042299830211676825e+00 7.210341655411390605e+00
7.914170282429117131e-01 -2.551544768143965136e-01 5.111405388024279794e+00
-5.198082647446149451e-01 -1.426763842806220373e+00 5.849426365465512312e+00
1.601355763962718060e+00 1.470043000907424791e+00 4.144325248516031124e+00
-3.840006975934500133e-01 3.109992320303693325e-01 5.703444878477564650e+00
-4.817702263796320161e-01 -3.857679460963792661e-01 5.780363487389506894e+00
-1.926322317974549003e+00 1.045682192611117944e+00 7.543235624937836725e+00
1.551888258331068915e+00 1.347759975723825665e+00 4.193212168707105114e+00
1.398395040700735281e+00 3.576141811610532573e-01 4.592127708067418546e+00
-6.905676991369557038e-01 4.192328348611011335e-01 5.762233240470478357e+00
2.657337784166732275e-01 -1.455780666191869965e+00 5.663257807920869524e+00
-3.452736975834834743e-01 -1.368192312160402491e+00 5.705205901263999735e+00
-6.379030301842716355e-01 4.376274700054071376e-01 5.758011883899749606e+00
8.228619673456941674e-01 9.113144844357551344e-01 4.943733741344585653e+00
1.082642337410245903e-01 2.814807455812933790e-01 5.406588010647701559e+00
-6.374985455689388125e-01 4.369610085312674030e-01 5.753769554243606699e+00
5.798982650301717223e-01 -1.688932539720976456e+00 5.495570708157205608e+00
-7.688403945125295014e-01 7.988757947732872955e-01 5.833886713342927521e+00
-5.073385843699992348e-01 5.008253062509167020e-01 5.744250553272523874e+00
7.031565131712346206e-01 -1.597071848615482903e+00 5.401230936963843376e+00
7.944961016138647469e-01 -8.381205094164055902e-01 5.213670307262701975e+00
-5.196665132472583215e-01 -1.414132481706663391e+00 5.823115003581492921e+00
4.024870860515263882e-01 4.416982291952737394e-01 4.972740709712367924e+00
-6.154226888995040223e-01 -4.595624154338381895e-01 5.913242553009025571e+00
9.146756109150016023e-01 -9.824452970433429355e-01 5.143709788045496722e+00
-6.228177218039919083e+00 2.787106766868566954e+00 1.908073162210344265e+01
1.020724216335187728e+00 -4.601553667971099437e-01 4.999133138214469696e+00
-7.027542094559799946e-01 9.067088336995203501e-02 5.913250197231140426e+00
-7.099751116531596296e-01 4.266230951116660175e-01 5.750205990435829584e+00
-4.091976672055785968e+00 1.776862903172271801e+00 1.364000332596411447e+01
-5.241922136881939087e-01 8.168221825780218603e-01 5.549306226379078666e+00
9.992787581425059962e-01 -9.941400502429379449e-01 5.108973470677491413e+00
1.467668433918809745e+00 1.362602776133388760e+00 4.257610019802346990e+00
-8.500765272834568398e-01 1.295154322769197064e+00 3.921631167347301439e+00
-7.151869398548900136e-01 3.803584663625023121e-01 5.775308551315792016e+00
3.354230396342810505e-01 4.423775954000781496e-01 5.020769726304642688e+00
9.089379094575211759e-01 4.956289836662404191e-01 4.944192317376756129e+00
-1.055319009095761595e+00 -7.465121205427620588e-01 6.125606014200768890e+00
-7.658680997273020763e-01 7.979076852215593041e-01 5.811337660896179536e+00
9.817502309314288800e-01 4.794972726787182227e-01 4.869820220647365083e+00
1.329515230049770569e+00 1.243751076298472924e+00 4.489249258757462613e+00
-5.855221162205315188e-01 -4.540439616388247668e-01 5.872520579162132215e+00
-2.358789627382944509e-01 1.215030320260998664e+00 4.556801956894882544e+00
-7.294253709393498930e-01 3.719159319139163644e-01 5.739388315100752536e+00
1.207402698990818646e+00 -1.148041275507052816e+00 5.002700128351489361e+00
1.051270652838378616e+00 2.777437699704982110e-01 4.856839449581319634e+00
2.743885514694391903e-01 -1.459207893315636717e+00 5.675670024887621068e+00
-1.321722631187364660e+00 -1.102838704770344957e+00 6.322557348918380171e+00
5.551435028156405105e-01 -9.252133008256457902e-01 5.387301639669536790e+00
-4.173022794539141822e-01 -5.104464937995221302e-02 5.730047615602073208e+00
1.511450266065241133e+00 1.410467138421756417e+00 4.216256142969434073e+00
1.243206393836488122e+00 1.105888213932662900e+00 4.578579705202906247e+00
1.514917153262121285e+00 1.406490088267767780e+00 4.208908507278438904e+00
-5.355709692125780741e-01 1.123260313541479816e+00 4.166872144562867142e+00
2.078374643951545475e-01 -1.462934756017742144e+00 5.713873579282131132e+00
5.839887977736585994e-02 -1.820198435512298873e+00 5.893102851107260953e+00
1.561064645568125853e+00 1.443335898986874311e+00 4.161224436555801987e+00
1.484135103363249941e-01 8.911457541664973003e-02 5.372670532711401492e+00
1.386756920188523479e+00 -3.394043726242517156e-01 4.709959064044585197e+00
-6.878144616319004090e-01 4.114703023524000636e-01 5.739463672585185527e+00
-6.162197730927904127e-01 -1.215808599938562329e-01 5.946472987330870374e+00
1.430324066318011678e+00 -1.419201577797400970e-01 4.652142643608954131e+00
1.472190772256745328e+00 1.374310648491409825e+00 4.270644148888438352e+00
-4.733323600679685272e-01 -7.821272787287429917e-01 5.595205093743084390e+00
-3.731692906387641950e-01 -1.352820161995549553e+00 5.717521577011683398e+00
8.437639004261144882e-01 2.653263607704187121e-01 5.025902093649003533e+00
-5.208132776987597912e-02 -9.716702959583809474e-01 5.610995046445307999e+00
5.499616840024224018e-01 -1.670424343254364397e+00 5.518194577922877819e+00
-1.304278428643006584e-03 -1.831565633838534435e+00 5.923373129650793878e+00
-4.978544792566586552e-01 4.375824318657244305e-01 5.731056781733083305e+00
1.514522540428152819e+00 1.401333687156275376e+00 4.216298853001910985e+00
-4.060173577350747465e-01 -7.656171695208845440e-01 5.535990465657603110e+00
-6.933117987973574925e-01 3.778326975163514567e-01 5.767566346376912456e+00
-3.232996746759095874e-01 -3.777088321408447052e-02 5.649796723242722862e+00
1.003323129438629335e+00 -1.047804505794847740e+00 5.100891209499523349e+00
-4.267612855822989770e-01 -1.409229848696396559e+00 5.770822766815412841e+00
8.633181654578319097e-01 -8.410019197343479025e-01 5.196012500120704480e+00
-1.048533351136418768e+00 2.119790162224778618e-01 6.456445048676002330e+00
-6.747068355956779007e-01 -5.822253253919380533e-01 5.944840533450364894e+00
9.885112480297287840e-01 -3.499318673498568177e-01 4.992875199038389056e+00
4.320816846740447303e-01 -1.202221737135208857e+00 5.512487240743136674e+00
-5.611936600247914297e-01 -1.510524308707316354e+00 5.824773953388711512e+00
-2.545695267750079302e-02 -1.546419309265018027e+00 5.894911341120143256e+00
2.142074155396107293e-01 -1.717268162551487842e+00 5.764284695628715482e+00
-3.940614591508269648e-01 -7.858007412936602876e-01 5.536377059034545134e+00
-6.834805432355165467e-01 -2.314016144874294148e-02 5.949197452316707491e+00
7.866496217709705308e-01 -8.266086561389855980e-01 5.211977511778078664e+00
4.200347613773924293e-01 -2.281546911722023563e-01 5.413768736560052197e+00
-6.421381000023638208e-01 3.822498717701776627e-01 5.776609713299730053e+00
-7.490892991542806856e-01 -3.821804019770183025e-01 6.040274913722944561e+00
4.969450895853826794e-02 -1.744156057070513688e+00 5.867066001764871253e+00
-2.305589717324699528e+00 1.177369685964959611e+00 8.212679329255115235e+00
2.333132353946765214e-01 3.718614229077702449e-01 5.263162329513925819e+00
-9.945168620590248976e-01 -7.314062119246473870e-01 6.041751535229850312e+00
-6.630757373490022699e-01 4.573606158561267510e-01 5.795801372088838832e+00
-9.620674898942994657e-01 -1.447619571924866788e+00 6.144621514620567382e+00
1.094618465919648065e+00 -6.594786266978481803e-01 4.979687816852469417e+00
-9.018673232427220077e-01 3.672793847290429792e-01 6.301214052005596145e+00
1.708750196224395335e-01 1.148479246285340150e+00 4.801591146704728530e+00
8.533133456486847734e-01 -8.350467443843354598e-01 5.181407446852306364e+00
3.291727473576351315e-01 -1.307725991006765343e+00 5.590876314843773898e+00
-1.997666305869275905e-01 7.773398579247521312e-01 5.216858801687612512e+00
7.885003544387065855e-01 8.107280986565078562e-01 4.986921101050143967e+00
4.356590577728832736e-01 -9.919487224342654619e-01 5.483959001975964753e+00
1.470036020898473073e+00 1.473443965501856523e+00 4.242650144164157311e+00
1.562794735551205516e+00 1.363803487212064791e+00 4.202514656546354033e+00
1.565743203884812473e+00 1.461005102323717164e+00 4.181280645843079569e+00
1.453709394825002166e+00 1.354371054119845486e+00 4.275891245338025115e+00
1.514034552516263954e+00 1.418901816316379128e+00 4.215545618914524617e+00
1.476978939024317761e+00 1.472649099159037522e+00 4.235348792536550278e+00
1.467367434973610330e+00 1.363137133466885142e+00 4.257560459864747848e+00
1.467153908949385022e+00 1.364590849978785103e+00 4.257165504165898895e+00
1.514253927530500698e+00 1.417465508616928771e+00 4.215939182957994191e+00
1.433650278314570814e+00 1.446549421112819367e+00 4.269858962942909564e+00
-5.200616246358287231e-01 8.085668163179782209e-01 5.501513647226349057e+00
-8.492516788407385997e-01 1.299669919934383078e+00 3.965607547972483271e+00
-6.928911500956848046e-01 3.751638498828966384e-01 5.746042046084068211e+00
1.615481405026055528e+00 1.453186066931757114e+00 4.147031322924243035e+00
1.383914846363019091e+00 1.263111127484586982e+00 4.442584319017751859e+00
-5.241804045406459611e-01 8.196567873271024540e-01 5.498684947888492047e+00
9.670467206447395936e-02 1.486530071389095431e+00 4.704416470907890613e+00
-4.143369496916357586e-01 -1.188803594167385791e+00 5.474753075476150421e+00
1.194611155746988729e+00 1.021948535924627866e+00 4.634019229570843557e+00
-6.970388693686506709e-01 3.876961637369297775e-01 5.744488187251169720e+00
-3.969857269368239017e+00 1.376348659360815407e+00 1.330164059399515608e+01
-6.231424146305193368e-01 -4.838528157636498017e-01 5.975547815031058363e+00
2.456951535745870996e-01 4.885753521791656451e-01 5.268949612528060378e+00
1.463431170071188170e+00 1.478240864012321687e+00 4.247765162866749655e+00
-1.357475879732647772e-01 1.863112080264140991e-01 5.674343888425974036e+00
-7.826104486042138042e-01 8.189466222235312065e-01 5.779966848823517189e+00
1.312912673044711820e+00 2.823185142237921164e-01 4.666363912695616456e+00
1.575610538289956564e+00 1.454150322318685351e+00 4.184286532427897498e+00
8.906100633823370583e-01 -9.172135579538949202e-01 5.153224422155021855e+00
1.510902033138235234e+00 1.414386233358146727e+00 4.221062324874168326e+00
-1.686413119003300709e+00 9.882788764015250083e-01 7.033321129835925056e+00
-6.832110031344158507e-01 3.797635557114718008e-01 5.747193149524190581e+00
1.566066294685318994e+00 8.435428810081583295e-01 4.399753496947603537e+00
5.476502735412259737e-01 -1.632257521960221780e+00 5.499624564080967559e+00
-3.822512665947595534e-01 -1.520371069995394731e+00 5.673455081419087165e+00
4.010853673212265713e-01 4.433688971871848628e-01 4.965437098193346444e+00
4.440692814585652792e-01 -1.605701097540907618e+00 5.584124869207168551e+00
3.370039258557840922e-01 4.754703231159402854e-01 5.003388506723778661e+00
-6.511112279557734750e-01 1.091140645359386818e+00 4.126644249348015769e+00
6.640451356505902014e-01 -2.799221285523429414e-01 5.249985191921155980e+00
9.062024503245112994e-01 9.546008551569880041e-01 4.863782297201534988e+00
-7.067074090108664830e-01 -8.123840472959338588e-02 6.128071193494657898e+00
2.700107170777608645e-01 -1.544587153954577907e+00 5.705435589163375454e+00
-1.012680399491381111e+00 -7.663677802687194340e-01 6.153584777584658383e+00
3.029350131652193477e-04 7.537225991629469268e-01 4.994456510483241907e+00
1.435993243595195645e+00 -8.757376557464391365e-01 4.790641622243993147e+00
-6.878606976351657742e-01 4.110927090086325397e-01 5.739239755269179177e+00
1.594694801418101715e+00 1.445094084809835921e+00 4.164451877597235452e+00
-1.337905934885165626e+00 1.041687360581254662e+00 6.543245377065266766e+00
1.221481647377315738e-01 7.301354609142196583e-01 4.887030423819656910e+00
7.929554056650470750e-01 -8.370512384444183107e-01 5.207825488279003601e+00
9.750283012644181957e-01 -1.588678063313553990e+00 5.207893156484236563e+00
1.091475241093961546e-01 2.767482154756805701e-01 5.418131399654648739e+00
-2.030975053375380368e-01 7.794643930797672260e-01 5.172066422306532907e+00
-7.645407801749378729e-01 8.017562637737833953e-01 5.786485665509824905e+00
5.578299111641221719e-01 -9.335789199739938926e-01 5.404607124819018615e+00
1.516223026992701506e+00 1.404524424825311035e+00 4.219474917375115375e+00
1.516756862781616810e+00 1.415606284200081832e+00 4.225251127237216409e+00
-6.631206474688845498e-01 4.571756641229702267e-01 5.795417609695938665e+00
4.714926633996815997e-01 -9.894353260508875758e-01 5.485944301501647580e+00
8.116649783793531414e-01 8.123072624061812297e-01 4.963395511919533654e+00
-6.813079264567252213e-01 3.817066094253788733e-01 5.746806415928479517e+00
-8.185559020499251215e-01 -4.435727686905037159e-01 6.189592276842169838e+00
1.557550190701063819e+00 1.376146989109769070e+00 4.219860715310455923e+00
-7.297444466990467005e-01 3.715328311352990021e-01 5.744454465004602994e+00
2.292009086377580496e-01 -1.563831230349859380e+00 5.733270529208789767e+00
-4.293212885188586014e+00 1.688920355744554458e+00 1.414184552321794364e+01
8.521677214118087429e-01 1.071017346006362558e+00 4.909384569206617144e+00
-4.070347574135091406e+00 1.749721155531924310e+00 1.355467985681944398e+01
2.049835348797417911e+00 1.095012889747370766e+00 4.510927966026867075e+00
1.605215023844364985e+00 1.472774122632086069e+00 4.150300208114030553e+00
-1.020795424228873940e-03 8.375313261370781470e-01 4.983464611996352822e+00
1.616095482933615157e+00 1.451714794338860637e+00 4.145686351273319303e+00
1.703967666441677242e-01 -1.698139735011206186e+00 5.806181393867772655e+00
-5.400315792241634494e-01 1.089867699909467857e+00 4.172380996129587238e+00
1.580888091023029851e+00 1.472543044303698423e+00 4.169484219375564571e+00
-3.921189843953509779e-01 -7.857566374159926648e-01 5.547716172087027608e+00
-7.068542294188711050e-01 7.871946512061414603e-02 5.949308591235515919e+00
1.386035440824435083e+00 -7.143385214762207891e-01 4.790221143965423423e+00
1.133401951437061767e-01 7.419205238326668228e-01 4.886453361318038091e+00
1.519347662616393313e+00 1.409050328879900782e+00 4.213962466245960492e+00
3.419912042935491781e-01 4.477863498957311839e-01 5.008680297070862153e+00
-3.509229059286971264e-01 2.291285501435232907e-01 5.672610369507538053e+00
-5.247139248032186565e-01 4.706113664799745355e-01 5.702181999179373406e+00
2.058279522154270236e+00 1.030681092813277688e+00 4.530177077831271326e+00
-4.227462219820856126e-01 -1.408324821685791095e+00 5.780761904252218919e+00
2.688466765767089650e-01 -1.469157161289156743e+00 5.691447293096791427e+00
1.436235007736536229e+00 -1.437028113138413554e-01 4.662889536239090305e+00
-7.101497627453106087e-01 4.249181644268323343e-01 5.748542656245436255e+00
1.475298496852029295e+00 1.458080053309559476e+00 4.243692923228191027e+00
-5.921589949935349706e-01 -4.764051349665756052e-01 5.930937969905377471e+00
1.516441228093501570e+00 1.403084939833665334e+00 4.219867069719905217e+00
9.251160273776830589e-01 6.462887934400702861e-01 4.915098092575609812e+00
-1.333417036430219360e+00 3.739606043995560847e-01 7.090613588022947056e+00
-2.238270595273153862e+00 1.107858460844167725e+00 7.941256798475271772e+00
2.186718500402091703e+00 -5.339962204606303331e-01 4.822444307656102325e+00
1.190113443360975687e+00 1.125919093965486451e-01 4.790690766458870264e+00
-3.254379297227713574e-01 -7.932987586616226938e-01 5.478506528114791330e+00
1.244626555232530712e-01 8.588097795447462435e-01 4.862659125171594710e+00
-1.202905672896026488e+02 4.288912355295170187e+01 3.098118465978833456e+02
3.172138426444409132e-01 7.222052776103019545e-01 4.730959751117503664e+00
5.500840484810373132e-01 -1.657030819085762996e+00 5.499183566081384811e+00
-6.203461604961596487e-01 -1.352070512235166444e-01 6.005857258714628166e+00
9.178577867170323312e-01 -9.788371258931453101e-01 5.146251066162488286e+00
-5.915549565557918221e-01 9.790565975583594982e-01 5.557913571707964628e+00
1.428296437764531968e+00 1.221110128594044220e+00 4.435489165023819069e+00
1.088456861868351666e+00 -2.743782264340356991e-01 4.923091417141647774e+00
1.233250287893634889e+00 9.926013071163077850e-01 4.610197802624604435e+00
-7.122164697475948936e-01 4.096173237502623299e-01 5.771342739625251461e+00
1.436614857064768547e+00 -1.414982289589925835e-01 4.663337403696674599e+00
6.532010945338125874e-01 -4.355085992664927130e-01 5.261836548400236957e+00
1.090520571498682312e+00 1.097899011899262867e+00 4.695734305292226018e+00
4.654027749119781232e-01 -5.969079477220601282e-01 5.443164434864580237e+00
7.925826907001805033e-01 -8.308137954663998848e-01 5.230321371199146974e+00
1.507023653822794795e+00 1.481497172543749352e+00 4.189150040887802184e+00
9.243415082017598650e-01 -1.290478395670569212e+00 5.177725684968409681e+00
8.544486581248736945e-01 5.921323266237754623e-01 4.991663921264050785e+00
6.878326568437592714e-02 1.446537384425498951e+00 5.991271201107058353e+00
-5.251671459953154431e-01 8.069138112866942603e-01 5.466111148005190046e+00
1.514875517172145303e+00 1.416211861409600425e+00 4.216381463781847749e+00
1.518569161064496464e+00 1.406555355895230397e+00 4.212974200374490330e+00
1.574820825958424875e+00 1.467282726301545992e+00 4.163301512625277923e+00
1.465841522882746384e+00 1.470541352983551375e+00 4.238070011678829907e+00
1.570715150612369770e+00 1.451342376186128602e+00 4.178852802900423491e+00
-7.330163236132372084e-01 3.366790704976515558e-01 5.708472315855242840e+00
1.041008560045032949e+00 2.713688191542323325e-01 4.873155604233458504e+00
1.611951885817192620e+00 1.410659626205615025e+00 4.273982445763243376e+00
1.514719398035387687e+00 1.417808671117218422e+00 4.216051974494591903e+00
1.196480353507562544e+00 1.021567558883459403e+00 4.636552056546721978e+00
9.478506565275940376e-01 -6.478536923285792559e-01 5.066327681488261625e+00
-4.201151607775452934e-01 -1.162700591768442537e+00 5.427271559420466573e+00
4.212591388598516118e-01 -9.984761561884686332e-01 5.475016621866326538e+00
-1.110291592571511332e+00 1.275515956944426765e+00 4.536415286800693281e+00
-4.123313117962252861e+00 2.103372874688354877e+00 1.086352585004860494e+01
-5.262410282354479385e-01 8.971312727953731914e-01 5.455580053190855594e+00
1.188817534841583257e+00 1.094321331667453406e-01 4.789846758172674690e+00
-6.508787304816024966e-01 1.432603281543990970e-01 5.783490242348368504e+00
-1.083187919923759512e+00 -7.764651794185668532e-01 6.096084197781754810e+00
1.430732980255558839e+00 2.625336014739493296e-01 4.613219229377619968e+00
1.512416058703363486e+00 1.413095854359760928e+00 4.222429187508722315e+00
7.814998898497589330e-01 8.089261907154162712e-01 4.975221156404604272e+00
1.241159282452203527e+00 3.160609054965019538e-01 4.712942669765115333e+00
4.512695084083726549e-01 -5.993167591049299858e-01 5.415045788680317607e+00
-2.034842129985244552e-01 7.816798844329275742e-01 5.170629556079325617e+00
-1.108944441897767419e+00 1.275479144033776047e+00 4.536073361547505733e+00
2.947296065175815556e-03 -1.512599837673741066e+00 5.820283901321591458e+00
-9.863987945483406738e-01 2.639645552035229659e-01 6.195869437076862773e+00
-1.009733516654464536e+00 9.725481381163629813e-01 5.942789512936677454e+00
9.186528672920901695e-01 1.173919860875997312e+00 4.822984531376574679e+00
6.582658825114264811e-01 -2.775125278656362382e-01 5.223741240898229776e+00
-6.533916014875288392e-01 3.681471805015552046e-01 5.701157312408979827e+00
1.412026919973644601e+00 3.513412503692227573e-01 4.611174098483155070e+00
1.467407537174842957e+00 1.363393020618408613e+00 4.257280470720950838e+00
-1.811484846402710236e+00 9.982393734371509675e-01 6.801955675036204241e+00
8.805370533680078049e-01 -3.975557666555377088e-03 5.001391123617486834e+00
1.712505335545974061e-01 1.162045350817706879e+00 4.785173179016027234e+00
1.430852580997530765e+00 2.608041324480536716e-01 4.613540983841748044e+00
1.408079436232250077e-02 1.648886157506677941e-01 5.429025756028135419e+00
1.467553866312595545e+00 1.361783231356453738e+00 4.257605480188974667e+00
5.430321311471375534e-02 8.244388062205577627e-01 4.943551997329426406e+00
-9.396045813662147195e-01 -7.839335070448594234e-01 5.948579043883756690e+00
1.464156138419491660e+00 1.450657630871928339e+00 4.231833601741290529e+00
1.327581502274422176e+00 -3.408384274530278368e-01 4.785140964269830377e+00
1.434420434669589017e+00 1.221386852448851368e+00 4.442428848177617517e+00
3.155054273154703215e-01 6.895611787340054644e-01 4.754601645387953823e+00
1.516285206325148849e+00 1.400900173883760758e+00 4.219477911761535971e+00
9.053743369658456830e-01 9.541865554518457193e-01 4.862477835944581273e+00
-6.060849799878935684e-01 -4.788070601722205222e-01 5.840636892222797805e+00
1.190854594599439764e-01 7.103835461969334464e-01 4.890227153587076714e+00
1.567310496018974986e+00 1.459453931146944772e+00 4.182602861379986159e+00
-7.644272918140984086e-01 -4.478433725237708773e-01 5.977283526438982975e+00
-2.088406692835889533e+00 9.979756265807645521e-01 7.116951887047559211e+00
-5.837146187375992223e-01 6.636058160482439794e-01 3.970032383762118755e+00
1.055954284142569310e+00 7.258803047056198166e-01 4.780175743469484040e+00
5.516736689092087698e-01 -6.475558715086614514e-01 5.324651658514452990e+00
-5.438772708151164981e-01 4.368124726626535503e-01 5.618459114628144846e+00
-2.690224981446402361e-02 -9.247632358206438197e-02 5.484130527782470566e+00
7.429161885109442087e-01 1.343676380822677041e+00 4.928504225960098850e+00
9.671147597283630271e-01 2.946752538840163860e-01 4.911187378804051207e+00
1.214624780399316206e+00 1.130043187423287687e+00 4.587407406944412180e+00
-6.716059471818722759e-01 -4.583356281009848820e-01 5.908097936969683772e+00
8.509941363020292471e-01 1.072805892334074640e+00 4.907467310108972747e+00
6.243563160604327367e-01 -7.318612137437954246e-01 5.295519465401040904e+00
9.189748782033317631e-02 2.688513242712367024e-01 5.364751985159755598e+00
1.613791575879660378e+00 1.447862354354531700e+00 4.143282529109968415e+00
-6.184735426013513448e-01 1.159313292897848013e+00 4.322555635335769253e+00
-1.845004265350458583e+00 6.949369139045435961e-01 7.140753224291652934e+00
-6.909244107556740122e-01 -4.599881881574234554e-02 5.853786501346191606e+00
-6.171658823181221942e-01 1.161434462285914515e+00 4.321966914978888852e+00
-4.682910919102408087e+00 3.046868158841350205e+00 1.133180768400906757e+01
7.845360458490366895e-01 -8.225478946168301997e-01 5.216086592126179866e+00
-5.934981380242791982e-01 9.806253326990507224e-01 5.530068234637022684e+00
-1.051925880121844292e+00 -2.509049933003786870e-01 3.818027503610719187e+00
1.021297323672005319e+00 -4.672613263044896326e-01 4.999669093836457634e+00
9.502582615784291864e-01 1.261210183075688995e+00 4.786902188279802850e+00
3.173882219243576164e-01 7.232614062680723377e-01 4.731288908872986809e+00
-6.377172598241989121e-01 2.168469124982039253e-01 5.873976149346044728e+00
-3.947182169953321607e-01 5.467689253023330087e-01 5.613241272018575145e+00
-4.412560178552574208e-02 4.915604375972337237e-01 5.482255457968562951e+00
1.619484869405972249e+00 1.450384793679218687e+00 4.148724766115769569e+00
-7.207017102454801316e-01 4.014907514067598271e-01 5.675608625518802519e+00
-1.783630383931439578e+00 1.402881709432560076e+00 5.171376223189635191e+00
1.217610569466831327e+00 1.079978539739652466e-01 4.773559490055718335e+00
7.209834864559457879e-01 9.683187673728906042e-02 5.127539248714266584e+00
8.106984049848250384e-01 8.105120797480687145e-01 4.961805290614202057e+00
-1.014594978528440654e-02 5.208587090890604010e-02 5.456394786983416623e+00
-3.413420771876851112e-01 -5.432114508515506479e-02 5.581955414655447534e+00
9.532497871588497818e-01 1.315872377800541226e+00 4.773357445117128783e+00
-7.179179196167965182e-01 4.142547270927942615e-01 5.664474292583215664e+00
1.509870827163561247e+00 1.400469538125769464e+00 4.214764434913237601e+00
1.104649866818125270e+00 9.677263358258394454e-01 4.702853556612255126e+00
-1.224105508226691397e+00 -1.128997740808584505e+00 6.095427175494440242e+00
7.850058314121848291e-01 -8.323437730540075297e-01 5.194837242421025181e+00
-5.897652346725119621e-01 -1.207554216262584967e+00 5.670698175176167588e+00
-4.319786589812366628e-01 1.097989647125795942e+00 4.355005739333426718e+00
-1.070060106423038171e+00 1.377781841259409501e-01 3.882544809923792695e+00
4.756061014453908942e-01 -1.114922392044095822e+00 5.432738552697223611e+00
4.246147943406843317e-01 -6.794394937455356942e-01 5.426400826126416277e+00
5.411597481165077994e-01 -5.994922623819706198e-01 5.324242895993098301e+00
1.806367666368589309e-01 4.874471454685648797e-01 5.269542736329443144e+00
1.390380945386271661e+00 5.436426310593026612e-01 4.585014381146757856e+00
1.460813207510428979e+00 1.477011255432479020e+00 4.244799608667374713e+00
-1.517345619220175079e+00 6.410125823112827748e-01 3.950814283685719186e+00
9.955642837612757035e-01 -3.192804459045690546e-01 4.980052919419831525e+00
-8.035572325815121264e-01 8.109947563431596507e-01 5.729187452651157031e+00
-7.436088784307326449e-01 -4.070799408350063153e-01 5.502270698832903761e+00
1.401701409652379215e+00 -3.371793472410962722e-01 4.733218240917789643e+00
-1.272967440951151330e+00 4.979470669096444646e-01 3.321352592415926619e+00
4.116713299068750498e-01 4.782978591324810735e-01 4.935065703128275416e+00
8.506441707814019759e-01 7.732422356588134482e-01 4.931796610168000861e+00
-1.127789912595166533e-01 7.705060425510517064e-01 5.051297114572432356e+00
-2.577373931433719623e+00 8.045533982768123815e-01 6.961073968785354005e+00
1.577965474213973485e+00 1.446521395358748796e+00 4.186741043938372542e+00
-2.626648566246844396e+00 8.365651318735223274e-01 6.968962005064653020e+00
1.250666758562745562e+00 2.866356355080593166e-01 4.610146529032654428e+00
5.498471850598547483e-01 -6.435205033571778088e-01 5.321914223745814354e+00
-8.364721909758376928e-01 7.788643802706854968e-01 5.514530546669409894e+00
-5.946976214381393122e-01 -4.903075775554697202e-01 5.864545491223620566e+00
1.518900757478043984e+00 1.415061644144948838e+00 4.225188091741828522e+00
3.308467490329727867e-01 1.225934121595638526e+00 4.668435374213726341e+00
1.442556166452749977e+00 1.375237140645901857e+00 4.302097323520610139e+00
-6.616617023023938504e-01 2.115156115660940250e-01 5.789852366138019235e+00
-2.950818222744727937e+00 -7.297465351126849464e-01 7.805503329134149126e+00
-1.273493714268195465e+00 4.261185863882737540e-02 6.364363595565799336e+00
-1.357258508276238729e+00 1.170706810329883885e+00 4.458534250601360327e+00
-1.356214084080183513e+00 5.274862450541588643e-01 6.286224635393130811e+00
1.470411526562870552e+00 1.364924942911668992e+00 4.259431880580730301e+00
-5.682166004471550513e-01 7.869547153415606955e-01 5.342312053916075776e+00
1.187776335568340613e+00 8.734795464651606833e-01 4.676638027864109759e+00
-1.207484335331743708e+00 -1.154369425668541060e+00 6.869018827654273629e+00
-5.893799962868327517e-03 7.576008796087206898e-01 4.979989739450553898e+00
8.984489687416774562e-01 5.280836361548958413e-01 4.924031077826835912e+00
-1.081061935815950781e+00 -7.858578228821371248e-01 6.106443255330831654e+00
-1.610719523927965247e+00 1.232443131126736757e+00 4.559414636516367025e+00
1.482441518771475453e+00 1.485033768318473779e+00 4.260513151834107504e+00
-1.336938213397455222e+00 3.220317627445597464e-01 6.233170932871716197e+00
8.606099020799029553e-01 8.800698740630688022e-01 4.946014442768907671e+00
8.638149903465304202e-01 1.467388118467381113e-03 4.981049075031697804e+00
1.019967965064479953e+00 2.752095198210429139e-01 4.850057784786897308e+00
1.573274145090606257e+00 1.461651310712992258e+00 4.186719336629052712e+00
5.471279169876067106e-02 7.006713414778207305e-01 4.943389598332672996e+00
1.430810958432190860e+00 1.219597070557001395e+00 4.439813204982804073e+00
-1.820782962333471922e+00 6.337965861068227680e-01 6.332331764161937215e+00
1.057358168718338653e+00 7.262378113727674389e-01 4.781516599057959560e+00
9.890376532514546515e-01 9.499465312448700516e-01 4.844210385520371531e+00
-6.213273215361884150e-01 -4.653149037950573552e-01 5.878712963202235464e+00
7.756932177560514896e-01 -2.551435953386375077e-01 5.100229908699524195e+00
-1.789912796261165839e+00 1.161455669807208935e+00 4.656098888051268148e+00
-1.106271291621850228e+00 -1.192613316472518559e+00 6.066025503690902987e+00
-6.222988727623206956e-02 2.286611082393527339e-01 5.492003301312284869e+00
5.129602016502444739e-01 -5.858235227976692494e-01 5.341225315585084843e+00
-7.834479486443944873e-01 -1.243882486011612443e+00 5.951114016786748451e+00
1.526002885696130074e+00 1.411337871148260703e+00 4.219814298656383578e+00
-7.385349409623521710e-01 -9.233133040202504138e-02 5.901746923437539927e+00
-2.265208519933729736e+00 2.968617962962502577e-01 7.058403862809786489e+00
1.027752331362784766e+00 -1.010623140122814512e+00 4.799384405159636380e+00
3.425999942947783872e-01 4.470507490932081329e-01 5.007241213686784320e+00
-2.673944915350134899e+00 8.994711958862683376e-01 6.991796836743728427e+00
-2.953843806315581855e+00 8.048083980964044759e-01 7.091647056108747016e+00
1.498310731985827315e+00 1.476360294453686883e+00 4.248905476695858496e+00
-1.300296219488589200e+00 7.332752648521359551e-02 6.391391242223848579e+00
4.711746660135783249e-01 -1.107164014803937668e+00 5.426840544586450932e+00
-2.026621376566343002e+00 -1.377137040305302706e+00 7.519776910777638435e+00
-4.637284293282507852e-03 -3.131969775457854599e-01 5.499687985688398228e+00
-1.067167937686050339e+00 3.302506214256389350e-01 6.000329617615170363e+00
3.823310921195606227e-01 -1.294457864745143905e+00 5.492548384886084989e+00
-1.817907378501867788e+00 1.313600982139938145e+00 4.577249421407988628e+00
-7.047586376510468487e-01 8.886200776089915321e-01 5.414143588985016464e+00
-2.689436387157590591e+00 -8.301806481682389993e-01 7.709379510185880413e+00
2.509504223444414261e-01 -1.451156058899751189e+00 5.651215042881954531e+00
-2.465646931535443009e+00 1.565340388867570570e-02 7.280533126879197070e+00
6.498155939520949831e-01 -1.083399062400354440e+00 5.217552010318946110e+00
-2.668598280632591191e+00 7.808637078572875367e-01 7.051256713930143860e+00
-1.740341263037693542e+00 9.382664620014155021e-01 5.951083906195560047e+00
6.123970307156038073e-01 -7.294429559163476684e-01 5.254676882055239417e+00
-1.434363710810284687e+00 8.207000427869426407e-01 5.838410957335128160e+00
5.416875352052757941e-01 -4.470931671289057330e-01 5.319836403815831005e+00
1.861732290937464229e-01 4.845825785228627391e-01 5.279270472730102526e+00
1.301407312231134039e+00 -1.078949846947629965e-01 4.549519148878379937e+00
8.293287779712869012e-01 -9.175168292406119530e-01 5.036007791963927005e+00
1.241737855735405294e+00 9.597688862472092408e-01 4.638265007715833832e+00
7.576480604179112177e-01 2.876527706147323851e-02 5.087285615474389289e+00
-1.457749622372028098e+00 -1.518290914975981787e+00 7.132817436942813671e+00
1.301373707689871706e+00 4.524649907493975831e-02 4.559864655929141364e+00
1.523532170774591687e+00 1.404400705043970632e+00 4.224599983179505358e+00
1.137495624411386297e+00 1.186947784550577423e-01 4.738626095001007954e+00
3.451288183180278302e-01 1.549868629814961547e-02 4.888953847133574726e+00
1.219212258478673760e+00 -7.600953873696072449e-01 4.598530500626760720e+00
-9.819233753352991645e-01 -2.419038981192811813e-02 6.019490146178311463e+00
-4.050143998140315338e-01 -7.929382585776633130e-01 5.548006937966612817e+00
-2.589451678687916036e+00 -9.099251700984364311e-01 7.665982713207586841e+00
-1.743995797280269988e+00 -1.444261080974155398e+00 7.359217459680952977e+00
-8.523235283338996826e-01 4.562618733712337504e-01 5.698792768340767090e+00
3.507275005974598292e-01 -6.108849666471808382e-01 5.518976880294196086e+00
-2.865991313226361914e+00 -4.360105837950680185e-01 7.621120341356284023e+00
-2.656591236016484725e+00 -9.111672131059308510e-01 7.724365474426864608e+00
9.611404530873116636e-01 2.955170449633429119e-01 4.904013429758605547e+00
1.121974200252517262e+00 9.709176054205228557e-01 4.719830613729151914e+00
1.313515726617870305e+00 -2.733501486930503890e-02 4.527243988089150406e+00
-2.689554579273356616e+00 -8.889865864779831206e-01 7.726405295595820455e+00
-2.588910938828964614e+00 7.204990128483306222e-01 6.996477101874323701e+00
-7.648378340458537039e-01 -4.530786380290693915e-01 5.974262968894312742e+00
-5.815265493520941353e-01 4.103012599189024279e-01 5.563586468526070306e+00
2.929985045597574556e-01 1.250925958948412298e+00 4.687806617772386275e+00
-7.911654759863587794e-01 3.251210379976320342e-01 5.619837514683343471e+00
-5.544333713279787045e-03 4.731007886513530214e-02 5.465913187484550129e+00
8.726187572218914168e-01 1.160583370474816745e+00 4.907084981541387059e+00
5.389389920841830550e-01 -5.958887815967041091e-01 5.320980474668810523e+00
1.040242734385665058e+00 6.932484942521189852e-01 4.770270792804383930e+00
9.250332095217607409e-02 2.662240183587787357e-01 5.365930322551661469e+00
-7.009853487020915042e-01 8.091929010582024073e-01 5.425678145219084314e+00
5.390311746552951533e-01 -5.940989178541654647e-01 5.320929300205412993e+00
6.006073368470176144e-01 -6.814045908769986726e-01 5.258135583824973480e+00
-2.689469293205813294e+00 7.661466265657980168e-01 7.026487516109470199e+00
-1.916393659877756228e+00 8.843091054778841054e-01 6.042758613892098118e+00
-2.764783070852069535e+00 6.933818097258130919e-01 7.078884347854178749e+00
-2.658920295793246957e+00 -2.481064266037244781e-01 7.428241257089063687e+00
-7.641918792916688741e-01 3.323633508844561213e-01 5.591613108048794523e+00
-2.209198853248403704e+00 -3.290760808135315685e-01 7.258163433973152223e+00
-6.463907499934388179e-01 9.449156126959621371e-01 5.367172493030269997e+00
-7.029827735524212251e-01 -2.035349965022512919e-01 5.864421844482853530e+00
-6.397643919064294193e-02 2.774027943635433702e-01 5.495287443325994836e+00
8.790862168880265726e-01 9.022930624243440390e-01 4.931673607488727740e+00
-1.239180938154685219e+00 -1.453676732162451524e+00 6.976317315745986569e+00
1.328933681860433591e+00 5.439931674875648770e-01 4.532028542349437750e+00
-3.552279186024057678e-01 -5.532111261929901352e-02 5.566130973352633404e+00
1.156661505194254591e+00 -6.345922423603898022e-01 4.668103271394932641e+00
8.848120950544212659e-01 4.139166681700228723e-01 4.962025126432222599e+00
-3.513492455472152498e-01 -7.176839754543558325e-02 5.566163705847986698e+00
-1.924845866830574792e+00 -3.025224351538988721e-01 7.103372651570669660e+00
-5.069193073335829247e-01 -5.922004754687697492e-01 6.340710186482283461e+00
3.152216287112598048e-01 -1.300989038530943498e+00 5.577806872177694331e+00
8.765148705984582289e-01 1.075207597784695324e+00 4.937908963984803279e+00
1.103269672828394610e+00 -3.156506837884625050e-01 4.772429093918375997e+00
-2.270294761257419525e-01 8.540209397511631106e-01 5.120271117408020878e+00
-5.154640618797874385e-01 1.202831642182926597e+00 4.277431321906913553e+00
9.460663161594295989e-01 1.301135710715584315e+00 4.837351301119735325e+00
-2.920280273804556348e+00 7.095599508000265121e-02 7.425592147804962906e+00
-5.694253720041227984e-01 7.984996361434224532e-01 5.349942096590206475e+00
-1.942284763310697437e+00 -5.329682555392518672e-01 7.199648565307780856e+00
-3.585139452046681718e-01 5.265953725103134087e-01 5.506545491267575976e+00
8.351643101311777562e-01 -9.222338504114030444e-01 5.043310785349523151e+00
1.713879839651163695e-01 1.162429911846556418e+00 4.785359638726673026e+00
3.240473177197168986e-01 3.455949189706339908e-01 5.192938435936644836e+00
-1.075094277202823356e+00 5.821368412412577520e-01 5.945595672668584797e+00
-1.156176654772912649e+00 1.219810724237996080e+00 4.344313511482998713e+00
5.460379147914750098e-01 -1.188327886162626745e+00 5.356454030658796661e+00
-1.665677243855023137e+00 8.695241053531213016e-01 5.940861095531460023e+00
-2.670287299234397338e+00 9.325855679486655392e-01 6.955040230142000013e+00
-2.022702192743271343e+00 8.513105103902838255e-01 6.095512469768227248e+00
4.540833697373546363e-01 -6.006824497240422778e-01 5.420358951595378727e+00
-1.102931341293203138e+00 -1.198328406071440977e+00 6.075475852083562778e+00
-7.712226889662708862e-01 -6.302692441774623289e-01 5.998562557639955273e+00
-1.366689939027290190e+00 1.170335912863945449e+00 4.464329571183700551e+00
3.927534003225311432e-01 7.058357111283135588e-01 4.697841406732502278e+00
-9.577763474145639666e-01 3.238422295884400559e-01 5.936196886769995018e+00
-3.935922369734947135e-01 -7.681674781538125885e-01 5.546994760165864236e+00
-2.412864958708107466e+00 1.673814746945508358e-01 7.188802013686489190e+00
4.231739670897538552e-01 -1.199964580135149950e+00 5.485621476919528838e+00
-1.067558317550229452e+00 -5.363359343509123134e-01 6.378302878136572929e+00
8.664803289923727059e-01 7.742857811196521833e-01 4.950585071221107469e+00
9.962859381590958296e-01 -1.352051613291923360e+00 4.836179916525875200e+00
1.336802546003809322e+00 2.711521255827804566e-01 4.532298516832639734e+00
-2.300701013204248468e+00 -5.597348471400822589e-01 7.386561702032413912e+00
1.022815724892761180e+00 -2.382026603438692214e-01 4.835715339642302268e+00
-7.564204185817430259e-01 3.099774588796478936e-01 5.591625847911648961e+00
-4.431572278509029461e-01 -3.116499237185879970e-02 5.663456690459116594e+00
1.496388870826655948e+00 1.396612629732097322e+00 4.211921410797820897e+00
9.700448185839212201e-01 -6.131051694531396423e-01 4.978274043201295740e+00
-2.703328445719941797e+00 7.946058387026369019e-01 7.639319529449922541e+00
-2.607233608976191608e+00 7.874005489217386078e-01 7.544175129945491776e+00
9.182193329111935087e-01 -6.272835189631501551e-01 5.016880994501024205e+00
4.268424115424943044e-01 7.106758829227967089e-01 4.724091826552196061e+00
-5.307917204059156013e-01 7.871500407065741278e-01 5.401538196010689852e+00
-2.610921878593852608e+00 7.280927394975535982e-01 7.515056173352773428e+00
1.444695984181228354e+00 1.357141774399330370e+00 4.246967031186050789e+00
1.406669849737465894e+00 1.456451096537131784e+00 4.278471712750150147e+00
-1.812014053550982107e+00 6.173335507240320652e-01 6.462989546809676078e+00
1.533426035651924035e+00 1.149663276572327787e-02 4.419268503748370769e+00
-5.952415524369370631e-02 2.325146345365139422e-01 5.494522097967607266e+00
1.451039545785759222e+00 1.460256734887801278e+00 4.226708634903353357e+00
-8.443302165137953619e-01 -3.757159306410621236e-01 5.925283416521602398e+00
-2.713717125188678025e+00 9.343961503133501045e-01 7.654135397122659334e+00
-7.136309077099181053e-01 4.170146076468213003e-01 5.570934737526551217e+00
-2.669513620445312263e+00 8.602926164342140636e-01 7.567753408974481566e+00
-2.127181849851935702e+00 -9.000386914542513050e-01 7.267616881985202504e+00
9.578798156783281392e-01 2.972175505296477671e-01 4.900757080532195609e+00
-6.364878086215582098e-02 2.750174129542228285e-01 5.495864728878826710e+00
-2.671150848481446793e+00 8.600757397868832310e-01 7.564528093260379116e+00
4.706407306939051072e-01 -1.111933305755463230e+00 5.428112619098855340e+00
9.097676010373139110e-01 -9.878427353999612581e-01 5.073656155874215479e+00
-8.050912783378451065e-01 7.776116733142804938e-01 5.575621478820349530e+00
-3.033954187695995230e+00 8.290632219514835199e-01 7.772564925974275063e+00
-1.536635845725591087e+00 -1.132462472099104112e+00 6.925546186588785957e+00
-2.937635487575127602e+00 5.921451072183876729e-02 7.594552376367627033e+00
-2.582123407818381899e+00 9.457465380846551417e-01 7.594783979917806960e+00
1.022408001467395300e+00 2.767114114680025438e-01 4.851095925656501606e+00
-4.251418740741887969e-01 -7.401682709494009638e-01 5.517654744406034872e+00
1.433609756652550971e+00 1.458256089055493199e+00 4.254900751706207629e+00
-6.927552708402636046e-03 4.920224525243645231e-02 5.463294240950865799e+00
-2.862664133575515191e+00 6.781179882893059729e-02 7.522152362319332042e+00
-1.101360486856699961e+00 3.309694019526869257e-01 6.054822875143936578e+00
1.327159868198225956e+00 -8.457692367941949119e-01 4.694227674926844784e+00
1.543885419757270228e+00 1.444265590659554288e+00 4.167074388095236337e+00
1.435856179770200525e+00 1.348449381877570241e+00 4.269188735952210045e+00
1.521351407908258180e+00 1.341361635069492131e+00 4.184876142575050473e+00
-2.111649103598987942e+00 -1.358513110114472899e-01 7.243471689705342165e+00
-1.419428737136762209e+00 1.523470806040233827e-01 6.454941346111479739e+00
-4.537852418941680233e-01 2.916148286417680202e-01 5.617560757097918689e+00
-5.710433852756623407e-01 4.128198129003771144e-01 5.575964488513792894e+00
1.487697206608054490e+00 1.391571628522449089e+00 4.208211314943365089e+00
-1.578379030152427254e-01 -2.290435495499353047e-02 5.594957137086545629e+00
1.210824987062606883e+00 -7.944703826639272215e-01 4.801847254600386528e+00
-2.857073175339457816e+00 -4.107689505358844695e-01 7.547115071768359940e+00
-2.728129922295619902e+00 7.830957777137215192e-01 7.636725708629593434e+00
3.416220243266437362e-01 -6.089651555446677911e-01 5.509267150215928055e+00
-2.624441656550321245e+00 -9.678854839220818462e-01 7.583383478448144643e+00
-3.090811423517991208e-01 7.846081810626248654e-01 5.253069879832937161e+00
-8.185739902631189446e-02 7.722103991173420168e-01 5.085834614058803105e+00
-7.595125243000391269e-01 -1.907790977270338584e-01 5.849511185831533844e+00
-7.604017788340334816e-01 3.366863714859047452e-01 5.596242452368390907e+00
-2.695830979869353605e+00 7.490393641579882189e-01 7.604941098199102356e+00
2.303978952864371987e-01 1.442639206962733067e-01 5.248383100343926522e+00
-2.709617198107954206e+00 9.752566734204644039e-01 7.644718241108557244e+00
1.283692469408284520e+00 -6.235568456965198125e-01 4.719028856808791694e+00
6.869526651204463930e-01 -1.108087534863382961e+00 5.254281268718106190e+00
-1.404544725362173008e+00 8.201537469107506029e-01 5.941797713432524830e+00
1.452194002508707671e+00 1.457988181038332831e+00 4.234733452005982279e+00
-1.521438997683626448e+00 7.442929402826657659e-02 6.462805082932631784e+00
-2.569861916944734315e+00 7.679192822823834863e-01 7.548517225911558270e+00
1.343742416997644629e+00 -4.407570222977008623e-01 4.641947061271959996e+00
-1.253093299764249879e+00 8.112680189872057968e-01 5.864178669831894730e+00
-1.550383924649897605e+00 -1.157378039368538891e+00 6.956935890040461423e+00
1.494115039088673491e+00 1.407231430435733843e+00 4.213539443466056689e+00
8.735820264429194903e-01 8.770508704018260132e-04 4.988490697091696902e+00
8.946721632603715779e-02 8.264911652501549799e-01 4.975637269022095133e+00
1.147963612828396096e+00 -1.643505150965594019e-01 4.778716438504294395e+00
1.502293233449256027e+00 8.380220014343455759e-01 4.354179137266947386e+00
-1.302487577735137458e+00 7.620874066070305874e-02 6.382152486602625352e+00
2.457681677991647440e-01 6.399424810975927747e-01 4.984007801609251054e+00
1.037282671783459786e+00 6.925394327034275488e-01 4.768099889258525792e+00
-2.354379775953731269e+00 6.997553520451510467e-01 7.434663711707264255e+00
9.581186142510862425e-01 3.703271137718981976e-01 4.889455729271868556e+00
8.492826903671900629e-01 1.258554673815231451e-01 5.032805294761574011e+00
-1.767278570337274646e+00 -7.586784054308018943e-01 7.029308833231971754e+00
-2.637589537708596499e+00 -6.621943275947864693e-01 7.477344241162670713e+00
-1.301165489870803604e+00 2.404874427882282006e-01 6.368198968054792353e+00
-1.830163424352450718e+00 -5.310639654743039006e-01 7.074642542603132966e+00
1.069323132049399661e+00 -8.333487132362465966e-01 4.917444459092753739e+00
-5.349814020747646337e-01 7.978140674024259971e-01 5.404614295935804336e+00
-1.843273629256264590e+00 -6.035490228366189314e-01 7.079750425449167217e+00
-5.229071180579036859e-01 9.183348702192420943e-01 5.388447809078413364e+00
-5.725453024708366812e-01 4.111827738602757965e-01 5.577225660600297452e+00
8.755223855463108162e-02 7.024445410778779042e-01 4.976120799097562220e+00
1.271392753049939817e+00 2.890701704924812376e-01 4.621731086870743077e+00
6.201472161852766840e-01 -6.917835593602206234e-01 5.278024680680351466e+00
1.138387836703820266e+00 -1.513411860266891118e+00 4.937046057964977308e+00
6.388961180820053043e-01 -4.325140359395981404e-01 5.230846754014936373e+00
1.097942141215919376e+00 9.658814585142955211e-01 4.703901450214482693e+00
1.337681722019656183e+00 5.468421173703617022e-01 4.536153133601019682e+00
2.090822697491836468e-01 -1.088556781290284992e+00 5.634181676790878335e+00
-1.703496144335816975e+00 -4.864071309265269316e-01 6.977216791234654103e+00
-2.514836179472640598e+00 8.618306128421939771e-01 7.589952184713932404e+00
5.376020697810531823e-01 -5.952400064536302882e-01 5.320182781236328040e+00
1.925096773212374435e-01 4.837108295957778248e-01 5.285753984835046104e+00
-1.669131362591382395e+00 4.095905306023611137e-01 4.205782832020021011e+00
-7.579262791996805859e-01 3.262953808379419063e-01 5.605682302060508881e+00
-7.354914419518996382e-01 -1.898730351619910828e-01 5.824548499479958785e+00
4.874031230668263714e-01 1.380608160530778949e+00 4.557439646620967899e+00
-2.684159094974399196e+00 1.625659460393143796e+00 7.797380394721817432e+00
-2.808863773712433343e+00 7.016698644139663932e-01 7.639784352879404494e+00
-2.062767197828749843e+00 1.409912652359520402e-01 7.193444180645604646e+00
1.051824188033271490e+00 -8.326349898469591615e-01 4.916077476937948276e+00
9.431983468816447225e-01 -2.994962844747835473e-01 4.975445700741208732e+00
3.266822305622936740e-01 3.472742942509735586e-01 5.194567832853396183e+00
3.384436196977114730e-01 -1.219725456210108971e+00 5.555366940176817536e+00
1.085269056097021512e+00 1.095889427252769277e+00 4.700359037104408166e+00
-1.924610053553768685e+00 -3.016651362713071438e-01 7.104047361111594405e+00
3.723297181782844745e-02 -3.432689504567381505e-02 5.446503724047438766e+00
8.830583509523345365e-01 -9.437395490489306482e-01 5.081944005548526988e+00
-5.838916567637134625e-01 -5.934424885419699036e-01 5.758832947816820536e+00
-2.696091002244120904e+00 7.531080728733202667e-01 7.606704236050784829e+00
-8.035617047475743790e-01 -4.201259299736707642e-01 5.883540637516427196e+00
-2.706066421460761706e+00 9.662514212908062117e-01 7.622565799704438483e+00
4.124516322094018417e-01 -9.964763754368697324e-01 5.466464285976678106e+00
-2.712276810189289566e+00 -6.091846505249094712e-02 7.497661237930915767e+00
-1.241693505793975305e+00 2.105311571178431207e-01 5.507873925919563263e+00
-2.608691350458128611e+00 9.335725756062133174e-01 7.571840089107551464e+00
-7.850901705754079751e-01 3.248849369762873418e-01 5.612852326920986457e+00
-6.062896980862411134e-01 9.454986447386396486e-01 5.434500480011046797e+00
-1.781508585152648538e-01 8.942844978577924042e-01 5.153828323898789421e+00
-1.553605583030186255e+00 2.120415939424768748e-01 6.492063020423968212e+00
-1.914294923082400501e+01 2.165805688967052944e+00 -2.341745421302545083e+01
-2.737955429621787395e+00 7.656808779465650305e-01 7.603903216666411780e+00
2.910547625916273251e-01 5.715102225934529656e-01 4.993722275200100924e+00
5.394757107328982393e-01 -4.468784439318243540e-01 5.317863420012543862e+00
5.296466961478422109e-01 -9.127547226675233327e-01 5.360227638333632250e+00
-2.334058460238808141e+00 8.138293325419563295e-01 7.396509324801982643e+00
-9.901582817014374927e-01 5.669684775726966386e-01 5.976481586339930097e+00
1.131632002155116279e+00 3.120879636407017377e-01 4.756583016219607885e+00
1.364681963579265522e+00 -1.146283550306047144e-01 4.585923616481569098e+00
1.365051735479016370e+00 -1.182358883371824876e-01 4.584520941459775401e+00
1.044690814531986867e+00 7.239866443359173065e-01 4.772487911572755870e+00
-7.533315265856750376e-01 3.361055466563319660e-01 5.602113962845382211e+00
1.249722803207651056e+00 -6.439839498154099617e-01 4.753583339046264733e+00
-2.713075578027934753e+00 7.980986194973128667e-01 7.646852456721962454e+00
-2.725379646292651170e+00 7.732361042335165191e-01 7.575474268330900429e+00
-2.615814453193020750e+00 9.165074779244785086e-01 7.521872028536174426e+00
-2.666610580066755443e+00 8.516154870585358472e-01 7.553403832259666828e+00
-2.731827137714784026e+00 9.138611747123061013e-01 7.577731210506415849e+00
-2.668178177578538257e+00 8.519484276254501998e-01 7.557154241530458449e+00
-2.605625719192920631e+00 7.785827398769367136e-01 7.509998026545877892e+00
9.337437818401692624e-01 2.773307197049481032e-01 4.811504196334357886e+00
-1.534270338937772760e+00 -5.116092003116072817e-01 6.826132358004561418e+00
-2.755260160275438519e+00 9.358345336709047446e-01 7.598761174432990373e+00
-9.958600215334270089e-01 -1.222826357027320399e-01 7.918365316825400235e+00
-2.702504419644087275e+00 9.535170970126366496e-01 7.567695251978552307e+00
1.369174285623089737e+00 -1.216098430581158268e-01 4.586714917407175740e+00
-2.417227365491027236e+00 4.732924686760529576e-01 3.487754252218657314e+00
-1.714569699081821774e+00 -4.719499413457377557e-01 6.942181403906481307e+00
-1.534927219734331549e+00 -9.372075753229910378e-01 6.869191304651072194e+00
1.218950329389528520e+00 -1.400679818478838934e+00 4.931879247005939604e+00
1.479979715493905168e+00 1.412176910611431468e+00 4.147128284086667449e+00
-2.130451939594558031e+00 -8.803872641589078896e-01 7.252358855175439878e+00
1.335123888237351508e+00 3.529906340887650762e-01 4.507559310677780928e+00
-1.414898060178898076e+00 -8.401264622365876011e-01 6.807230766292568624e+00
-2.608962775433040004e+00 7.213697330818507059e-01 7.511592488868687134e+00
-2.693974499677048051e+00 7.422349022852748890e-01 7.559817871038372772e+00
-2.224451799582800149e+00 1.224960249071673557e+00 7.215847882622453469e+00
-3.059702143166139976e+00 5.320326304751152868e-01 2.709132748703827698e+00
7.575132536452516829e-01 -8.023288806180887134e-01 5.177347392075128951e+00
-1.957238358390064992e+00 -4.986704027515841409e-01 7.097364733694085714e+00
-2.769956277463479388e+00 5.052370062383415572e-01 3.094543425139134385e+00
1.335063477512545616e+00 -4.375934107572695408e-01 4.638883434070049105e+00
9.557518521575160131e-01 -6.080191700863328830e-01 4.971556592703240796e+00
-2.094751178805703162e+00 -3.257907649038509490e-01 7.194768433515569939e+00
9.805023176953570063e-01 -1.156285651489928235e+00 5.044845518604663681e+00
1.093787822069898219e+00 1.205203051838872469e-01 4.724410061436666197e+00
1.067375034538034839e+00 3.155871874342369154e-01 4.729753390455688766e+00
-1.629815568917134527e+00 -6.732551461874825005e-01 6.907048996051400103e+00
-7.001222541922000886e-01 -5.354740956181965883e-01 7.586182640571223601e+00
-1.059738292146288119e+00 6.318660025287718973e-01 7.699093387192070814e+00
-9.071770993995391663e-01 2.049774169107708988e-01 4.697276363916180308e+00
-1.920054207865712570e+01 2.178285092541958345e+00 -2.351022569052505062e+01
1.338566594841991808e+00 1.318298237627340885e+00 4.214753164432758936e+00
-1.664583409985897600e+00 -8.981395551234200303e-01 6.943902169635712163e+00
-1.814856583424157677e+00 -1.032678464909720262e+00 7.059100789479943572e+00
-2.710508745221636318e+00 7.842438860295319891e-01 7.539522186409811866e+00
-2.768851910046636000e+00 4.804719485245581567e-01 3.145916214192153504e+00
1.340689136504101597e+00 2.980616156391519000e-01 4.545696557444951047e+00
-1.657575055128751584e+00 -9.052803861526165230e-01 6.953915220880079850e+00
1.052981289909791007e+00 -8.266008784784903973e-01 4.910257273501906994e+00
1.036491953362644880e+00 -8.255081801939746500e-01 4.908994207797735321e+00
-2.652796384349306091e+00 8.471745399859780257e-01 7.503198783573960640e+00
1.423213720262893833e+00 -1.197870122921873781e+00 4.712580060113588765e+00
-2.694038040470223105e+00 7.446636534292564447e-01 7.557587600936429340e+00
-1.816872565044425736e+00 -9.432931629522287587e-01 7.063392703045471954e+00
-1.078207654435695551e+00 3.535128531426821596e-01 4.497489329641656930e+00
8.639516263300540677e-01 -7.382721628930286606e-01 5.037863487990196454e+00
-1.987420159309654322e+00 2.487763069632376867e-01 7.099756779400888007e+00
-2.709012812513276192e+00 -4.653420355620428994e-01 7.636880429402966186e+00
-6.692895488411820804e-01 -1.265920960112590088e-01 7.826127565432309474e+00
6.250671201044062375e-01 -1.103144046108852860e+00 5.384160341789683280e+00
-2.614195291482474204e+00 9.690784423283606008e-01 7.509395045511415567e+00
-4.585726568125784164e-01 4.717855744203363066e-01 4.524927031580764591e+00
-1.650983997313526075e+00 4.366021763038734349e-01 4.188597394193037893e+00
-2.557204235943117521e+00 1.344517314233766747e+00 7.409547937086357727e+00
1.393904834493893130e+00 1.378103053683583878e+00 4.178084324012420581e+00
-2.864680063756902317e+00 -4.373311827499560822e-01 7.737037188696162637e+00
6.879198248086889622e-01 -1.104377124487643913e+00 5.254381306204199298e+00
7.703714681303398537e-01 5.208672139201054874e-01 4.859157254603967857e+00
1.345840353421218216e+00 2.680138896767747525e-01 4.535354420621731997e+00
5.037378501785448881e-01 -5.816171597435252361e-01 5.296776321726121672e+00
-1.762798193548960501e+00 -4.734896514712769733e-01 6.936549629320087895e+00
-2.568674196474485694e+00 7.550775986797931827e-01 7.457158409450184600e+00
1.399322496950960781e+00 1.349869958578799656e+00 4.181674747364040101e+00
-2.103136975460786484e+00 8.927281113784601985e-01 7.119352603108382027e+00
-1.892564502502624757e+00 4.681668848955373163e-01 7.044110209575650927e+00
-3.721690115418369027e-01 4.708889702180044101e-01 4.514526167446271998e+00
1.314479468742366208e+00 1.320516198817328180e+00 4.207614236135009733e+00
1.398835884182309197e+00 1.351702272912449709e+00 4.181349300764086507e+00
7.613894698390498705e-01 4.107654569591570604e-01 4.899728355936114887e+00
-2.697317107220967181e+00 5.112429217527753034e-01 3.038726817658119472e+00
8.563767943299126495e-01 4.665808255723926101e-01 4.804924910471141786e+00
-2.692755786858506362e+00 7.537542509949360925e-01 7.566097612911085513e+00
-1.660937975738221217e+00 -3.460407532838973843e-01 6.931867301028543871e+00
-4.429095251017320933e-01 4.524508656417077224e-01 4.537955897996616805e+00
9.817675934846872288e-01 -4.477905499139586687e-01 4.947119505682382012e+00
1.454457822206174367e+00 1.422109023951004358e+00 4.127228094269464798e+00
-6.295743970280184287e-01 -4.842865079023411790e-01 7.457335985284689883e+00
-2.735546089814627102e+00 7.578458889511100471e-01 7.573003669370938162e+00
-1.070442322116850198e+00 3.315240841835419006e-01 4.610197404262967424e+00
-1.766626756627428296e+00 -7.436110080098751185e-01 7.017231408575769436e+00
-2.574294233524204500e+00 -8.621438589067839109e-01 7.580258357378317768e+00
1.066026437370565461e+00 3.108545755412396305e-01 4.729744398389243543e+00
-2.113562165888905664e+00 -3.266674809969299931e-01 7.198092572681828116e+00
1.099130429237456408e+00 -1.259281360571687935e-01 4.771937579056571899e+00
-2.710004927039328937e+00 9.173624172953915856e-01 7.558387756519105771e+00
-2.582012514777023870e+00 9.264994654937451779e-01 7.478255160941888136e+00
-1.846597488032254208e+00 -6.854948083464711406e-01 7.078021696598780998e+00
7.206578906166829501e-01 1.345000013328199184e-01 4.951259836545056636e+00
9.605193944340492118e-01 7.110377771611311459e-01 4.735430506962829078e+00
-2.706066533358533643e+00 9.600467107027741420e-01 7.556491902134123251e+00
-2.600939921572675395e+00 5.382669419935462995e-01 3.253709240732309382e+00
1.289551648684999385e+00 5.395671915954153297e-01 4.519603905117712372e+00
1.214797445160668232e+00 -1.546725061007545365e+00 4.970663445055625296e+00
-1.521045572071409557e+00 -8.446933749974283590e-01 6.861150055027152028e+00
-2.656014813927046081e+00 8.551704046692343297e-01 7.538463018395904491e+00
-2.710337625442773568e+00 9.238295831967311411e-01 7.569249259696083421e+00
-2.654627233839961686e+00 8.550713616097838088e-01 7.537330659469343885e+00
-1.640468796629239279e+00 -2.410509608075217525e-01 6.943531999735628624e+00
-2.605300472586382199e+00 7.831738668280185944e-01 7.509592859934105746e+00
-2.694356191521508403e+00 7.457863875498267348e-01 7.567058695875722663e+00
-2.754661098709125344e+00 9.410284196189274697e-01 7.597798927890548448e+00
-2.614527846373414288e+00 9.214658302206661933e-01 7.510782435706278015e+00
-2.694551931162754599e+00 7.489919728199869731e-01 7.567051185599069640e+00
-2.732654338327201060e+00 7.792616044606932579e-01 7.589581198200086476e+00
6.545615013854361175e-01 1.650182338253972925e-01 8.434908701942697817e+00
-2.619439729040895948e+00 7.444329698199467771e-01 7.518045419859628709e+00
-2.603365808813280058e+00 9.205456001562349888e-01 7.502159569357187863e+00
-1.887273132932260955e+00 4.724136756535187720e-01 7.080939265983550612e+00
-2.261890495746945007e+00 2.821773138559218741e-01 7.307226450644809468e+00
-2.592775795511493619e+00 7.820457408541584554e-01 7.499770780014434202e+00
-2.735747055044670972e+00 7.646300505855246898e-01 7.591610786947710743e+00
-2.468920250910190184e+00 8.761760994886805265e-03 7.448826388163343637e+00
-2.727221762394852256e+00 7.774036504920658341e-01 7.586839058486502196e+00
-1.758970893536641933e+00 -5.706062643766836029e-01 7.015546372288524957e+00
-2.652949217641758395e+00 -2.583497117978652557e-01 7.587973892103602402e+00
-2.287804329102613110e+00 -4.729251484516457937e-01 7.352450722187873211e+00
-2.122861085689213834e+00 1.011371568455226612e-02 7.223628542783528061e+00
-2.710728130458943230e+00 -4.605473521332220654e-01 7.637421516737019189e+00
-1.654310264948084530e+00 -8.295306873847757556e-01 6.955058761195000550e+00
-1.750940222211057939e+00 -4.908896925816090828e-01 7.007362636238005926e+00
-2.030125002085344299e+00 -3.344972612701040404e-01 7.175715130869934733e+00
-8.880181065411129060e-01 2.673417331840173827e-01 7.114208290125810130e+00
-2.255918921682777967e+00 4.637245245869606736e-01 7.298376588838554113e+00
-1.774413351060315724e+00 -7.416418799554577168e-01 7.025934927986746459e+00
-1.659129200969682749e+00 -9.036007304635378379e-01 6.956748055515956430e+00
-2.738269416749624874e+00 7.618532055032193329e-01 7.593704564194825757e+00
-1.881548993115738089e+00 1.344625163673874267e-02 7.086849649327532141e+00
-1.774348163702715864e+00 -7.432689988720861951e-01 7.026092345355343660e+00
-1.820153689743878367e+00 -9.387216278367710443e-01 7.064801290377197063e+00
-2.265887420444838707e+00 4.737597140899765802e-01 3.942267926143582013e+00
-2.478119240024549530e+00 2.616272184043592648e-03 7.453268856397148312e+00
-3.060190342077059533e+00 5.310588696630451633e-01 2.708494676838411941e+00
-2.702049672096655808e+00 7.885981332202496308e-01 7.566778830366866160e+00
-2.431895570935779904e+00 7.255051295203200912e-01 7.399341240173067824e+00
-2.709881863206732522e+00 9.182800053028147280e-01 7.567900768879400886e+00
-2.713238262037830140e+00 7.806961936792017331e-01 7.571713771082515976e+00
-2.644666784354130940e+00 8.467661861294156767e-01 7.525628090565311012e+00
-2.676794611441553062e+00 8.520511077568374558e-01 7.555004676678645836e+00
-2.726175925500541108e+00 7.694857016883696055e-01 7.584653933880241894e+00
-2.603750822135529663e+00 7.782271038599509749e-01 7.506304433661322939e+00
-2.655399186863450112e+00 8.502364885328195232e-01 7.538490322717062320e+00
-2.615119714845523191e+00 9.209850798438691255e-01 7.511542974618245161e+00
-2.720513993978692202e+00 7.704549157733188158e-01 7.575060140502879236e+00
-1.701052482426586465e+00 -4.892466851721725685e-01 6.976591957379618236e+00
-2.470311248240300905e+00 2.076400773915313726e-03 7.453997033113756387e+00
3.770502194591350609e+00 -1.254027205841749426e+00 2.857164794264229979e+00
-1.885758070884303583e+00 4.748649493604183980e-01 7.076440789678837717e+00
2.793035933191385212e+00 1.342333923987958810e+00 5.000122062660687483e+00
-2.569693090671213209e+00 7.567629197017837761e-01 7.484654052311752181e+00
4.627420534454092405e+00 -2.041333904647150810e+00 2.645840266705389965e+00
-2.688629867648143712e+00 7.505746315937453783e-01 7.558573787863880789e+00
-2.710832462179924907e+00 7.820204724565410492e-01 7.569904553622886390e+00
-2.290266333158573975e+00 -1.411285268397622639e-01 7.341205959366281952e+00
6.447605004066188528e+00 -3.849746823869384382e-01 1.548157205572539441e+00
-2.590898474982087585e+00 7.763304186261432704e-01 7.495625984410947851e+00
-2.028468449370317561e+00 1.355221540934646307e-01 7.162434814057735188e+00
-1.653009594049897224e+00 -8.392302090696180938e-01 6.965541564301040545e+00
-1.458613503008435730e+00 2.345064502733175127e-01 4.670783483108910339e+00
-2.724585923340024696e+00 9.208733194760794216e-01 7.577721790447510486e+00
-1.608893872691362414e+00 -5.237135830113324175e-01 6.919449558400998512e+00
-2.254117542991386447e+00 4.619280609367169554e-01 7.293799331283358889e+00
4.926789166230010508e+00 -1.086122376059567074e+00 2.503186216077588178e+00
-2.433481621408565942e+00 7.240332279670330662e-01 7.402810083035284094e+00
4.909914220415334540e+00 -2.256375359401594949e+00 2.465807289437023986e+00
-2.598625920962151614e+00 7.239281322785835471e-01 7.501163842678949756e+00
-2.086670459345249640e+00 4.421042937343068746e-01 7.191622040828379525e+00
-1.603541015075483633e+00 -5.389377509586437132e-01 6.918526316005841004e+00
-2.730985064231501891e+00 9.144678571833801950e-01 7.583236406614448200e+00
-2.127950875082074589e+00 -3.145519001663950320e-02 7.230673530207429422e+00
-2.283785090768186699e+00 1.255695807020901444e+00 7.306197919529667573e+00
-2.454338937103819784e+00 1.401277468257183578e+00 7.386532880490117137e+00
-2.246458502598967399e+00 4.803263003625420358e-01 3.949124991873618207e+00
-1.747282127127746332e+00 -4.976045075651024940e-01 7.006668668765524188e+00
-2.732324067778773458e+00 7.544128802923619759e-01 7.585006436323255663e+00
-1.199546292805944381e+00 -1.061386994733426015e+00 6.689193053188491334e+00
-1.702674858995300911e+00 -4.887640174980100172e-01 6.977506594494601089e+00
-2.147232502940423782e+00 1.925822913602459885e-01 7.231718692947211480e+00
-1.931374733835372171e+00 -5.266166539220766829e-01 7.126111281998652736e+00
-2.188606534218234145e+00 -3.495764047120871743e-01 7.282777609655768813e+00
