1.500000000000000000e+01 1.842000000000000000e+03
1.700000000000000000e+01 1.741000000000000000e+03
1.700000000000000000e+01 1.933000000000000000e+03
2.500000000000000000e+01 1.932000000000000000e+03
2.700000000000000000e+01 1.841000000000000000e+03
5.700000000000000000e+01 1.643000000000000000e+03
6.300000000000000000e+01 1.641000000000000000e+03
1.060000000000000000e+02 1.066000000000000000e+03
1.160000000000000000e+02 1.294000000000000000e+03
1.180000000000000000e+02 1.317000000000000000e+03
1.190000000000000000e+02 1.658000000000000000e+03
1.230000000000000000e+02 1.292000000000000000e+03
1.270000000000000000e+02 1.220000000000000000e+03
1.290000000000000000e+02 1.192000000000000000e+03
1.300000000000000000e+02 1.296000000000000000e+03
1.330000000000000000e+02 1.659000000000000000e+03
1.340000000000000000e+02 1.082000000000000000e+03
1.340000000000000000e+02 1.086000000000000000e+03
1.370000000000000000e+02 1.065000000000000000e+03
1.380000000000000000e+02 1.052000000000000000e+03
1.410000000000000000e+02 1.005000000000000000e+03
1.520000000000000000e+02 7.690000000000000000e+02
1.610000000000000000e+02 7.700000000000000000e+02
1.670000000000000000e+02 4.790000000000000000e+02
1.680000000000000000e+02 4.830000000000000000e+02
1.680000000000000000e+02 4.940000000000000000e+02
1.700000000000000000e+02 1.657000000000000000e+03
1.750000000000000000e+02 4.780000000000000000e+02
1.840000000000000000e+02 1.760000000000000000e+02
1.900000000000000000e+02 1.250000000000000000e+02
1.900000000000000000e+02 1.656000000000000000e+03
1.910000000000000000e+02 1.090000000000000000e+02
1.920000000000000000e+02 8.700000000000000000e+01
2.200000000000000000e+02 1.653000000000000000e+03
2.910000000000000000e+02 1.459000000000000000e+03
2.920000000000000000e+02 1.604000000000000000e+03
3.080000000000000000e+02 1.141000000000000000e+03
3.150000000000000000e+02 3.250000000000000000e+02
3.170000000000000000e+02 1.141000000000000000e+03
3.240000000000000000e+02 1.475000000000000000e+03
3.310000000000000000e+02 5.140000000000000000e+02
3.380000000000000000e+02 1.454000000000000000e+03
3.910000000000000000e+02 3.100000000000000000e+02
3.970000000000000000e+02 3.990000000000000000e+02
4.220000000000000000e+02 9.480000000000000000e+02
4.430000000000000000e+02 4.920000000000000000e+02
4.440000000000000000e+02 1.292000000000000000e+03
4.500000000000000000e+02 1.222000000000000000e+03
4.500000000000000000e+02 1.338000000000000000e+03
4.500000000000000000e+02 1.714000000000000000e+03
4.540000000000000000e+02 1.228000000000000000e+03
4.570000000000000000e+02 1.232000000000000000e+03
4.650000000000000000e+02 1.220000000000000000e+03
4.680000000000000000e+02 1.840000000000000000e+02
4.680000000000000000e+02 6.450000000000000000e+02
4.720000000000000000e+02 5.550000000000000000e+02
4.780000000000000000e+02 1.261000000000000000e+03
4.820000000000000000e+02 1.770000000000000000e+02
4.870000000000000000e+02 1.466000000000000000e+03
4.880000000000000000e+02 1.306000000000000000e+03
4.910000000000000000e+02 1.217000000000000000e+03
4.930000000000000000e+02 1.760000000000000000e+02
4.950000000000000000e+02 5.530000000000000000e+02
4.980000000000000000e+02 1.213000000000000000e+03
5.010000000000000000e+02 1.233000000000000000e+03
5.060000000000000000e+02 5.150000000000000000e+02
5.590000000000000000e+02 1.038000000000000000e+03
5.650000000000000000e+02 9.790000000000000000e+02
5.750000000000000000e+02 2.780000000000000000e+02
6.230000000000000000e+02 1.034000000000000000e+03
6.410000000000000000e+02 5.400000000000000000e+02
6.460000000000000000e+02 1.334000000000000000e+03
6.480000000000000000e+02 5.140000000000000000e+02
6.620000000000000000e+02 1.313000000000000000e+03
6.640000000000000000e+02 5.340000000000000000e+02
6.740000000000000000e+02 5.270000000000000000e+02
6.750000000000000000e+02 2.730000000000000000e+02
6.870000000000000000e+02 7.090000000000000000e+02
6.960000000000000000e+02 3.710000000000000000e+02
7.350000000000000000e+02 1.898000000000000000e+03
7.380000000000000000e+02 6.970000000000000000e+02
7.470000000000000000e+02 2.070000000000000000e+02
7.780000000000000000e+02 6.190000000000000000e+02
7.930000000000000000e+02 1.920000000000000000e+02
8.030000000000000000e+02 3.370000000000000000e+02
8.030000000000000000e+02 1.725000000000000000e+03
8.070000000000000000e+02 9.080000000000000000e+02
8.110000000000000000e+02 3.400000000000000000e+01
8.150000000000000000e+02 6.970000000000000000e+02
8.250000000000000000e+02 1.945000000000000000e+03
8.350000000000000000e+02 8.470000000000000000e+02
8.360000000000000000e+02 1.315000000000000000e+03
8.470000000000000000e+02 2.700000000000000000e+01
8.780000000000000000e+02 2.440000000000000000e+02
8.980000000000000000e+02 1.946000000000000000e+03
9.050000000000000000e+02 5.450000000000000000e+02
9.190000000000000000e+02 1.400000000000000000e+01
9.410000000000000000e+02 5.600000000000000000e+01
9.650000000000000000e+02 3.720000000000000000e+02
9.660000000000000000e+02 1.940000000000000000e+03
9.700000000000000000e+02 5.040000000000000000e+02
9.820000000000000000e+02 2.290000000000000000e+02
9.880000000000000000e+02 3.830000000000000000e+02
9.910000000000000000e+02 3.860000000000000000e+02
9.990000000000000000e+02 3.100000000000000000e+02
1.000000000000000000e+03 3.910000000000000000e+02
1.002000000000000000e+03 4.640000000000000000e+02
1.003000000000000000e+03 4.960000000000000000e+02
1.004000000000000000e+03 3.180000000000000000e+02
1.009000000000000000e+03 3.970000000000000000e+02
1.015000000000000000e+03 1.318000000000000000e+03
1.017000000000000000e+03 2.390000000000000000e+02
1.018000000000000000e+03 2.710000000000000000e+02
1.021000000000000000e+03 1.700000000000000000e+01
1.029000000000000000e+03 1.055000000000000000e+03
1.061000000000000000e+03 1.370000000000000000e+02
1.081000000000000000e+03 5.120000000000000000e+02
1.084000000000000000e+03 1.440000000000000000e+02
1.087000000000000000e+03 1.400000000000000000e+02
1.110000000000000000e+03 5.150000000000000000e+02
1.114000000000000000e+03 5.160000000000000000e+02
1.115000000000000000e+03 1.200000000000000000e+01
1.129000000000000000e+03 5.900000000000000000e+01
1.193000000000000000e+03 1.160000000000000000e+02
1.197000000000000000e+03 8.800000000000000000e+01
1.226000000000000000e+03 9.200000000000000000e+02
1.226000000000000000e+03 9.280000000000000000e+02
1.227000000000000000e+03 9.110000000000000000e+02
1.236000000000000000e+03 9.650000000000000000e+02
1.237000000000000000e+03 1.117000000000000000e+03
1.256000000000000000e+03 8.680000000000000000e+02
1.257000000000000000e+03 1.311000000000000000e+03
1.260000000000000000e+03 1.077000000000000000e+03
1.261000000000000000e+03 1.072000000000000000e+03
1.265000000000000000e+03 8.670000000000000000e+02
1.269000000000000000e+03 8.070000000000000000e+02
1.274000000000000000e+03 8.940000000000000000e+02
1.276000000000000000e+03 1.093000000000000000e+03
1.277000000000000000e+03 5.100000000000000000e+01
1.278000000000000000e+03 9.430000000000000000e+02
1.279000000000000000e+03 8.950000000000000000e+02
1.281000000000000000e+03 8.070000000000000000e+02
1.284000000000000000e+03 1.095000000000000000e+03
1.285000000000000000e+03 8.850000000000000000e+02
1.286000000000000000e+03 1.120000000000000000e+03
1.287000000000000000e+03 8.090000000000000000e+02
1.291000000000000000e+03 8.860000000000000000e+02
1.293000000000000000e+03 1.102000000000000000e+03
1.294000000000000000e+03 8.790000000000000000e+02
1.295000000000000000e+03 1.095000000000000000e+03
1.297000000000000000e+03 1.420000000000000000e+02
1.298000000000000000e+03 1.117000000000000000e+03
1.302000000000000000e+03 1.105000000000000000e+03
1.302000000000000000e+03 1.126000000000000000e+03
1.315000000000000000e+03 9.820000000000000000e+02
1.317000000000000000e+03 1.020000000000000000e+03
1.320000000000000000e+03 2.540000000000000000e+02
1.321000000000000000e+03 9.530000000000000000e+02
1.321000000000000000e+03 9.830000000000000000e+02
1.324000000000000000e+03 1.024000000000000000e+03
1.324000000000000000e+03 1.126000000000000000e+03
1.345000000000000000e+03 1.400000000000000000e+01
1.348000000000000000e+03 1.180000000000000000e+02
1.350000000000000000e+03 9.430000000000000000e+02
1.352000000000000000e+03 9.730000000000000000e+02
1.353000000000000000e+03 1.700000000000000000e+01
1.354000000000000000e+03 1.122000000000000000e+03
1.358000000000000000e+03 1.200000000000000000e+01
1.358000000000000000e+03 1.108000000000000000e+03
1.363000000000000000e+03 7.750000000000000000e+02
1.366000000000000000e+03 1.330000000000000000e+02
1.368000000000000000e+03 2.900000000000000000e+01
1.371000000000000000e+03 1.144000000000000000e+03
1.372000000000000000e+03 1.124000000000000000e+03
1.375000000000000000e+03 1.133000000000000000e+03
1.377000000000000000e+03 1.640000000000000000e+02
1.379000000000000000e+03 1.123000000000000000e+03
1.384000000000000000e+03 1.149000000000000000e+03
1.391000000000000000e+03 1.550000000000000000e+02
1.392000000000000000e+03 1.140000000000000000e+03
1.396000000000000000e+03 1.130000000000000000e+03
1.398000000000000000e+03 8.000000000000000000e+00
1.398000000000000000e+03 1.152000000000000000e+03
1.398000000000000000e+03 1.155000000000000000e+03
1.405000000000000000e+03 1.148000000000000000e+03
1.420000000000000000e+03 4.790000000000000000e+02
1.430000000000000000e+03 1.061000000000000000e+03
1.441000000000000000e+03 1.691000000000000000e+03
1.450000000000000000e+03 1.706000000000000000e+03
1.456000000000000000e+03 4.850000000000000000e+02
1.458000000000000000e+03 4.840000000000000000e+02
1.462000000000000000e+03 4.850000000000000000e+02
1.467000000000000000e+03 2.340000000000000000e+02
1.504000000000000000e+03 4.640000000000000000e+02
1.512000000000000000e+03 4.660000000000000000e+02
1.603000000000000000e+03 1.348000000000000000e+03
1.603000000000000000e+03 1.392000000000000000e+03
1.655000000000000000e+03 2.500000000000000000e+01
1.658000000000000000e+03 3.800000000000000000e+01
1.664000000000000000e+03 1.730000000000000000e+02
1.679000000000000000e+03 1.059000000000000000e+03
1.721000000000000000e+03 2.240000000000000000e+02
1.723000000000000000e+03 3.350000000000000000e+02
1.727000000000000000e+03 1.320000000000000000e+02
1.732000000000000000e+03 8.700000000000000000e+01
1.740000000000000000e+03 3.150000000000000000e+02
1.791000000000000000e+03 1.330000000000000000e+02
1.826000000000000000e+03 1.397000000000000000e+03
1.829000000000000000e+03 1.331000000000000000e+03
1.835000000000000000e+03 1.422000000000000000e+03
1.845000000000000000e+03 5.120000000000000000e+02
1.849000000000000000e+03 6.130000000000000000e+02
1.858000000000000000e+03 2.630000000000000000e+02
1.889000000000000000e+03 3.100000000000000000e+01
1.891000000000000000e+03 1.980000000000000000e+02
1.894000000000000000e+03 8.000000000000000000e+02
1.898000000000000000e+03 1.245000000000000000e+03
1.906000000000000000e+03 5.700000000000000000e+02
1.912000000000000000e+03 1.170000000000000000e+02
1.912000000000000000e+03 8.000000000000000000e+02
1.918000000000000000e+03 3.980000000000000000e+02
1.920000000000000000e+03 1.929000000000000000e+03
1.924000000000000000e+03 1.930000000000000000e+03
1.966000000000000000e+03 6.700000000000000000e+01
1.968000000000000000e+03 5.300000000000000000e+01
1.978000000000000000e+03 6.490000000000000000e+02
2.053000000000000000e+03 7.810000000000000000e+02
2.068000000000000000e+03 8.600000000000000000e+01
2.069000000000000000e+03 8.100000000000000000e+01
2.081000000000000000e+03 3.200000000000000000e+02
2.116000000000000000e+03 1.528000000000000000e+03
2.130000000000000000e+03 3.500000000000000000e+01
2.133000000000000000e+03 4.850000000000000000e+02
2.149000000000000000e+03 6.100000000000000000e+01
2.173000000000000000e+03 1.384000000000000000e+03
2.196000000000000000e+03 3.630000000000000000e+02
2.199000000000000000e+03 1.054000000000000000e+03
2.200000000000000000e+03 3.630000000000000000e+02
2.201000000000000000e+03 1.531000000000000000e+03
2.202000000000000000e+03 1.367000000000000000e+03
2.208000000000000000e+03 1.400000000000000000e+01
2.221000000000000000e+03 3.990000000000000000e+02
2.230000000000000000e+03 1.530000000000000000e+02
2.236000000000000000e+03 3.740000000000000000e+02
2.246000000000000000e+03 1.297000000000000000e+03
2.248000000000000000e+03 1.520000000000000000e+02
2.250000000000000000e+03 5.760000000000000000e+02
2.268000000000000000e+03 3.750000000000000000e+02
2.272000000000000000e+03 5.830000000000000000e+02
2.279000000000000000e+03 3.610000000000000000e+02
2.305000000000000000e+03 2.900000000000000000e+01
2.307000000000000000e+03 5.300000000000000000e+01
2.308000000000000000e+03 2.600000000000000000e+01
2.308000000000000000e+03 1.914000000000000000e+03
2.314000000000000000e+03 1.915000000000000000e+03
2.343000000000000000e+03 3.900000000000000000e+02
2.355000000000000000e+03 8.740000000000000000e+02
2.355000000000000000e+03 1.302000000000000000e+03
2.357000000000000000e+03 1.294000000000000000e+03
2.358000000000000000e+03 7.920000000000000000e+02
2.388000000000000000e+03 1.876000000000000000e+03
2.394000000000000000e+03 1.498000000000000000e+03
2.395000000000000000e+03 1.877000000000000000e+03
2.399000000000000000e+03 4.100000000000000000e+01
2.413000000000000000e+03 1.290000000000000000e+02
2.415000000000000000e+03 1.881000000000000000e+03
2.422000000000000000e+03 3.490000000000000000e+02
2.491000000000000000e+03 4.540000000000000000e+02
2.495000000000000000e+03 5.650000000000000000e+02
2.496000000000000000e+03 6.730000000000000000e+02
2.498000000000000000e+03 5.560000000000000000e+02
2.548000000000000000e+03 4.440000000000000000e+02
2.586000000000000000e+03 3.820000000000000000e+02
2.592000000000000000e+03 4.440000000000000000e+02
2.594000000000000000e+03 1.267000000000000000e+03
2.623000000000000000e+03 6.000000000000000000e+00
2.645000000000000000e+03 1.674000000000000000e+03
2.681000000000000000e+03 1.458000000000000000e+03
2.701000000000000000e+03 1.791000000000000000e+03
2.711000000000000000e+03 1.841000000000000000e+03
2.723000000000000000e+03 1.783000000000000000e+03
2.735000000000000000e+03 1.863000000000000000e+03
2.738000000000000000e+03 1.792000000000000000e+03
2.759000000000000000e+03 1.066000000000000000e+03
2.776000000000000000e+03 9.500000000000000000e+01
2.776000000000000000e+03 1.828000000000000000e+03
2.778000000000000000e+03 1.823000000000000000e+03
2.779000000000000000e+03 1.260000000000000000e+02
2.779000000000000000e+03 1.832000000000000000e+03
2.782000000000000000e+03 1.828000000000000000e+03
2.785000000000000000e+03 8.300000000000000000e+01
2.785000000000000000e+03 1.877000000000000000e+03
2.788000000000000000e+03 1.822000000000000000e+03
2.789000000000000000e+03 3.380000000000000000e+02
2.792000000000000000e+03 1.879000000000000000e+03
2.795000000000000000e+03 1.814000000000000000e+03
2.797000000000000000e+03 6.000000000000000000e+01
2.800000000000000000e+03 1.930000000000000000e+02
2.801000000000000000e+03 6.400000000000000000e+01
2.801000000000000000e+03 1.807000000000000000e+03
2.805000000000000000e+03 1.804000000000000000e+03
2.806000000000000000e+03 1.820000000000000000e+02
2.808000000000000000e+03 3.200000000000000000e+02
2.810000000000000000e+03 1.793000000000000000e+03
2.811000000000000000e+03 3.160000000000000000e+02
2.811000000000000000e+03 9.910000000000000000e+02
2.813000000000000000e+03 1.790000000000000000e+02
2.813000000000000000e+03 1.027000000000000000e+03
2.817000000000000000e+03 9.760000000000000000e+02
2.820000000000000000e+03 7.060000000000000000e+02
2.825000000000000000e+03 2.890000000000000000e+02
2.825000000000000000e+03 7.000000000000000000e+02
2.825000000000000000e+03 9.740000000000000000e+02
2.825000000000000000e+03 1.784000000000000000e+03
2.828000000000000000e+03 2.740000000000000000e+02
2.828000000000000000e+03 3.720000000000000000e+02
2.830000000000000000e+03 4.220000000000000000e+02
2.833000000000000000e+03 1.873000000000000000e+03
2.834000000000000000e+03 6.900000000000000000e+02
2.836000000000000000e+03 5.580000000000000000e+02
2.839000000000000000e+03 6.790000000000000000e+02
2.842000000000000000e+03 2.250000000000000000e+02
2.844000000000000000e+03 2.700000000000000000e+02
2.845000000000000000e+03 2.300000000000000000e+02
2.848000000000000000e+03 1.370000000000000000e+03
2.849000000000000000e+03 2.440000000000000000e+02
2.850000000000000000e+03 3.870000000000000000e+02
2.850000000000000000e+03 9.590000000000000000e+02
2.852000000000000000e+03 3.820000000000000000e+02
2.854000000000000000e+03 2.230000000000000000e+02
2.855000000000000000e+03 9.930000000000000000e+02
2.856000000000000000e+03 1.142000000000000000e+03
2.858000000000000000e+03 2.460000000000000000e+02
2.858000000000000000e+03 4.070000000000000000e+02
2.859000000000000000e+03 5.150000000000000000e+02
2.859000000000000000e+03 8.540000000000000000e+02
2.861000000000000000e+03 6.110000000000000000e+02
2.863000000000000000e+03 6.360000000000000000e+02
2.864000000000000000e+03 1.865000000000000000e+03
2.865000000000000000e+03 9.440000000000000000e+02
2.869000000000000000e+03 2.010000000000000000e+02
2.871000000000000000e+03 6.270000000000000000e+02
2.871000000000000000e+03 1.340000000000000000e+03
2.874000000000000000e+03 5.120000000000000000e+02
2.874000000000000000e+03 9.800000000000000000e+02
2.880000000000000000e+03 1.730000000000000000e+02
2.881000000000000000e+03 1.810000000000000000e+02
2.881000000000000000e+03 9.750000000000000000e+02
2.882000000000000000e+03 1.103000000000000000e+03
2.884000000000000000e+03 1.270000000000000000e+02
2.887000000000000000e+03 1.800000000000000000e+02
2.888000000000000000e+03 9.200000000000000000e+02
2.889000000000000000e+03 9.380000000000000000e+02
2.889000000000000000e+03 9.480000000000000000e+02
2.895000000000000000e+03 1.610000000000000000e+02
2.896000000000000000e+03 9.240000000000000000e+02
2.897000000000000000e+03 7.690000000000000000e+02
2.900000000000000000e+03 1.020000000000000000e+02
2.900000000000000000e+03 2.900000000000000000e+02
2.902000000000000000e+03 9.960000000000000000e+02
2.903000000000000000e+03 2.028000000000000000e+03
2.907000000000000000e+03 6.820000000000000000e+02
2.907000000000000000e+03 1.037000000000000000e+03
2.910000000000000000e+03 2.030000000000000000e+03
2.912000000000000000e+03 1.696000000000000000e+03
2.914000000000000000e+03 4.140000000000000000e+02
2.917000000000000000e+03 1.873000000000000000e+03
2.921000000000000000e+03 7.460000000000000000e+02
2.932000000000000000e+03 1.020000000000000000e+03
2.939000000000000000e+03 1.008000000000000000e+03
2.950000000000000000e+03 2.480000000000000000e+02
2.953000000000000000e+03 1.021000000000000000e+03
2.954000000000000000e+03 1.552000000000000000e+03
2.961000000000000000e+03 1.556000000000000000e+03
2.971000000000000000e+03 4.240000000000000000e+02
2.975000000000000000e+03 5.970000000000000000e+02
2.976000000000000000e+03 1.016000000000000000e+03
2.978000000000000000e+03 1.012000000000000000e+03
2.980000000000000000e+03 1.361000000000000000e+03
3.014000000000000000e+03 8.110000000000000000e+02
3.023000000000000000e+03 1.003000000000000000e+03
3.042000000000000000e+03 1.396000000000000000e+03
3.050000000000000000e+03 8.440000000000000000e+02
1.060000000000000000e+02 1.066000000000000000e+03
1.190000000000000000e+02 1.317000000000000000e+03
1.670000000000000000e+02 4.790000000000000000e+02
2.200000000000000000e+02 1.653000000000000000e+03
3.800000000000000000e+02 1.459000000000000000e+03
3.960000000000000000e+02 1.461000000000000000e+03
3.970000000000000000e+02 9.330000000000000000e+02
4.530000000000000000e+02 1.288000000000000000e+03
4.720000000000000000e+02 1.261000000000000000e+03
4.770000000000000000e+02 4.550000000000000000e+02
4.780000000000000000e+02 1.261000000000000000e+03
5.650000000000000000e+02 1.259000000000000000e+03
5.980000000000000000e+02 1.140000000000000000e+02
6.490000000000000000e+02 2.110000000000000000e+02
7.380000000000000000e+02 6.970000000000000000e+02
8.940000000000000000e+02 1.123000000000000000e+03
9.120000000000000000e+02 5.370000000000000000e+02
1.081000000000000000e+03 5.820000000000000000e+02
1.088000000000000000e+03 1.400000000000000000e+02
1.248000000000000000e+03 8.730000000000000000e+02
1.260000000000000000e+03 1.078000000000000000e+03
1.278000000000000000e+03 1.080000000000000000e+03
1.363000000000000000e+03 7.750000000000000000e+02
1.377000000000000000e+03 1.640000000000000000e+02
1.395000000000000000e+03 1.000000000000000000e+00
1.469000000000000000e+03 4.750000000000000000e+02
1.664000000000000000e+03 1.730000000000000000e+02
1.677000000000000000e+03 1.058000000000000000e+03
1.739000000000000000e+03 3.150000000000000000e+02
1.907000000000000000e+03 5.700000000000000000e+02
2.023000000000000000e+03 5.000000000000000000e+00
2.133000000000000000e+03 9.500000000000000000e+02
2.165000000000000000e+03 6.490000000000000000e+02
2.208000000000000000e+03 1.400000000000000000e+01
2.237000000000000000e+03 9.660000000000000000e+02
2.274000000000000000e+03 1.170000000000000000e+03
2.284000000000000000e+03 1.680000000000000000e+03
2.355000000000000000e+03 1.302000000000000000e+03
2.594000000000000000e+03 1.267000000000000000e+03
2.602000000000000000e+03 1.154000000000000000e+03
2.645000000000000000e+03 1.674000000000000000e+03
2.802000000000000000e+03 6.500000000000000000e+01
2.808000000000000000e+03 3.200000000000000000e+02
2.820000000000000000e+03 1.864000000000000000e+03
2.826000000000000000e+03 9.670000000000000000e+02
2.828000000000000000e+03 2.740000000000000000e+02
2.828000000000000000e+03 3.720000000000000000e+02
2.834000000000000000e+03 6.900000000000000000e+02
2.841000000000000000e+03 8.120000000000000000e+02
2.854000000000000000e+03 2.230000000000000000e+02
2.860000000000000000e+03 1.643000000000000000e+03
2.869000000000000000e+03 1.790000000000000000e+02
2.881000000000000000e+03 9.750000000000000000e+02
2.890000000000000000e+03 2.810000000000000000e+02
2.902000000000000000e+03 9.960000000000000000e+02
2.908000000000000000e+03 2.720000000000000000e+02
6.000000000000000000e+01 1.532000000000000000e+03
1.250000000000000000e+02 1.149000000000000000e+03
1.340000000000000000e+02 1.082000000000000000e+03
1.520000000000000000e+02 7.690000000000000000e+02
1.840000000000000000e+02 1.760000000000000000e+02
3.150000000000000000e+02 3.250000000000000000e+02
3.310000000000000000e+02 5.130000000000000000e+02
4.500000000000000000e+02 1.714000000000000000e+03
4.680000000000000000e+02 9.830000000000000000e+02
4.980000000000000000e+02 5.350000000000000000e+02
5.010000000000000000e+02 1.233000000000000000e+03
5.410000000000000000e+02 2.300000000000000000e+01
5.490000000000000000e+02 1.440000000000000000e+03
6.090000000000000000e+02 1.784000000000000000e+03
6.500000000000000000e+02 2.110000000000000000e+02
6.580000000000000000e+02 1.369000000000000000e+03
6.640000000000000000e+02 5.340000000000000000e+02
6.740000000000000000e+02 5.270000000000000000e+02
7.100000000000000000e+02 9.570000000000000000e+02
7.470000000000000000e+02 2.070000000000000000e+02
7.680000000000000000e+02 1.373000000000000000e+03
7.680000000000000000e+02 1.710000000000000000e+03
8.250000000000000000e+02 1.945000000000000000e+03
8.360000000000000000e+02 1.315000000000000000e+03
8.540000000000000000e+02 7.690000000000000000e+02
9.430000000000000000e+02 1.316000000000000000e+03
1.000000000000000000e+03 3.910000000000000000e+02
1.002000000000000000e+03 4.640000000000000000e+02
1.009000000000000000e+03 1.377000000000000000e+03
1.015000000000000000e+03 1.318000000000000000e+03
1.029000000000000000e+03 4.140000000000000000e+02
1.081000000000000000e+03 5.120000000000000000e+02
1.109000000000000000e+03 2.200000000000000000e+02
1.193000000000000000e+03 1.160000000000000000e+02
1.226000000000000000e+03 9.200000000000000000e+02
1.236000000000000000e+03 9.650000000000000000e+02
1.241000000000000000e+03 2.640000000000000000e+02
1.248000000000000000e+03 6.850000000000000000e+02
1.271000000000000000e+03 4.000000000000000000e+01
1.279000000000000000e+03 6.690000000000000000e+02
1.281000000000000000e+03 1.067000000000000000e+03
1.284000000000000000e+03 1.095000000000000000e+03
1.317000000000000000e+03 6.630000000000000000e+02
1.320000000000000000e+03 2.540000000000000000e+02
1.335000000000000000e+03 6.650000000000000000e+02
1.370000000000000000e+03 6.780000000000000000e+02
1.391000000000000000e+03 6.000000000000000000e+01
1.396000000000000000e+03 1.130000000000000000e+03
1.397000000000000000e+03 1.386000000000000000e+03
1.467000000000000000e+03 2.340000000000000000e+02
1.539000000000000000e+03 1.580000000000000000e+02
1.656000000000000000e+03 3.800000000000000000e+01
1.670000000000000000e+03 7.550000000000000000e+02
1.690000000000000000e+03 3.700000000000000000e+02
1.714000000000000000e+03 2.790000000000000000e+02
1.723000000000000000e+03 3.350000000000000000e+02
1.729000000000000000e+03 6.300000000000000000e+01
1.739000000000000000e+03 1.329000000000000000e+03
1.791000000000000000e+03 1.320000000000000000e+02
1.795000000000000000e+03 1.391000000000000000e+03
1.840000000000000000e+03 1.817000000000000000e+03
1.849000000000000000e+03 2.550000000000000000e+02
1.872000000000000000e+03 6.200000000000000000e+01
1.918000000000000000e+03 3.980000000000000000e+02
1.921000000000000000e+03 4.090000000000000000e+02
1.969000000000000000e+03 1.331000000000000000e+03
1.973000000000000000e+03 4.930000000000000000e+02
1.994000000000000000e+03 2.800000000000000000e+02
2.033000000000000000e+03 5.370000000000000000e+02
2.057000000000000000e+03 7.840000000000000000e+02
2.059000000000000000e+03 9.460000000000000000e+02
2.061000000000000000e+03 9.020000000000000000e+02
2.135000000000000000e+03 1.673000000000000000e+03
2.163000000000000000e+03 6.060000000000000000e+02
2.165000000000000000e+03 6.500000000000000000e+02
2.167000000000000000e+03 1.600000000000000000e+01
2.178000000000000000e+03 2.040000000000000000e+02
2.179000000000000000e+03 1.539000000000000000e+03
2.196000000000000000e+03 3.630000000000000000e+02
2.205000000000000000e+03 1.660000000000000000e+02
2.247000000000000000e+03 1.297000000000000000e+03
2.268000000000000000e+03 3.750000000000000000e+02
2.272000000000000000e+03 5.830000000000000000e+02
2.298000000000000000e+03 1.456000000000000000e+03
2.349000000000000000e+03 1.293000000000000000e+03
2.353000000000000000e+03 1.666000000000000000e+03
2.355000000000000000e+03 7.850000000000000000e+02
2.358000000000000000e+03 7.920000000000000000e+02
2.405000000000000000e+03 1.883000000000000000e+03
2.412000000000000000e+03 2.910000000000000000e+02
2.431000000000000000e+03 3.480000000000000000e+02
2.477000000000000000e+03 3.230000000000000000e+02
2.491000000000000000e+03 4.550000000000000000e+02
2.646000000000000000e+03 1.675000000000000000e+03
2.700000000000000000e+03 1.848000000000000000e+03
2.738000000000000000e+03 1.793000000000000000e+03
2.748000000000000000e+03 1.862000000000000000e+03
2.783000000000000000e+03 7.780000000000000000e+02
2.785000000000000000e+03 1.877000000000000000e+03
2.809000000000000000e+03 3.200000000000000000e+02
2.810000000000000000e+03 1.793000000000000000e+03
2.815000000000000000e+03 1.683000000000000000e+03
2.845000000000000000e+03 3.260000000000000000e+02
2.849000000000000000e+03 3.250000000000000000e+02
2.855000000000000000e+03 1.877000000000000000e+03
2.858000000000000000e+03 4.070000000000000000e+02
2.864000000000000000e+03 1.865000000000000000e+03
2.870000000000000000e+03 2.100000000000000000e+02
2.871000000000000000e+03 6.270000000000000000e+02
2.882000000000000000e+03 1.103000000000000000e+03
2.889000000000000000e+03 7.710000000000000000e+02
2.895000000000000000e+03 1.610000000000000000e+02
2.900000000000000000e+03 2.900000000000000000e+02
2.923000000000000000e+03 1.083000000000000000e+03
2.954000000000000000e+03 1.552000000000000000e+03
2.961000000000000000e+03 1.556000000000000000e+03
2.975000000000000000e+03 5.970000000000000000e+02
1.200000000000000000e+02 1.541000000000000000e+03
1.700000000000000000e+02 1.657000000000000000e+03
1.840000000000000000e+02 1.760000000000000000e+02
2.000000000000000000e+02 1.702000000000000000e+03
3.690000000000000000e+02 5.620000000000000000e+02
3.940000000000000000e+02 7.820000000000000000e+02
4.220000000000000000e+02 1.473000000000000000e+03
4.440000000000000000e+02 4.920000000000000000e+02
4.950000000000000000e+02 5.530000000000000000e+02
4.970000000000000000e+02 1.307000000000000000e+03
5.000000000000000000e+02 1.232000000000000000e+03
5.820000000000000000e+02 7.220000000000000000e+02
5.860000000000000000e+02 6.340000000000000000e+02
5.950000000000000000e+02 3.940000000000000000e+02
5.950000000000000000e+02 1.678000000000000000e+03
6.010000000000000000e+02 6.860000000000000000e+02
6.410000000000000000e+02 1.334000000000000000e+03
6.700000000000000000e+02 9.240000000000000000e+02
6.870000000000000000e+02 7.090000000000000000e+02
7.230000000000000000e+02 9.550000000000000000e+02
7.350000000000000000e+02 1.898000000000000000e+03
7.660000000000000000e+02 1.332000000000000000e+03
7.680000000000000000e+02 1.193000000000000000e+03
7.780000000000000000e+02 6.190000000000000000e+02
7.940000000000000000e+02 5.180000000000000000e+02
8.310000000000000000e+02 1.334000000000000000e+03
8.350000000000000000e+02 1.316000000000000000e+03
8.550000000000000000e+02 5.160000000000000000e+02
8.930000000000000000e+02 4.240000000000000000e+02
9.360000000000000000e+02 3.350000000000000000e+02
9.440000000000000000e+02 1.377000000000000000e+03
9.450000000000000000e+02 2.200000000000000000e+01
9.660000000000000000e+02 1.940000000000000000e+03
9.990000000000000000e+02 3.100000000000000000e+02
1.003000000000000000e+03 4.650000000000000000e+02
1.004000000000000000e+03 9.490000000000000000e+02
1.022000000000000000e+03 2.710000000000000000e+02
1.062000000000000000e+03 1.170000000000000000e+02
1.093000000000000000e+03 1.155000000000000000e+03
1.114000000000000000e+03 1.100000000000000000e+01
1.129000000000000000e+03 1.381000000000000000e+03
1.157000000000000000e+03 4.980000000000000000e+02
1.193000000000000000e+03 1.170000000000000000e+02
1.196000000000000000e+03 1.382000000000000000e+03
1.229000000000000000e+03 9.010000000000000000e+02
1.229000000000000000e+03 1.142000000000000000e+03
1.255000000000000000e+03 8.200000000000000000e+02
1.279000000000000000e+03 9.430000000000000000e+02
1.280000000000000000e+03 6.690000000000000000e+02
1.300000000000000000e+03 1.098000000000000000e+03
1.301000000000000000e+03 6.500000000000000000e+01
1.324000000000000000e+03 1.127000000000000000e+03
1.350000000000000000e+03 9.430000000000000000e+02
1.352000000000000000e+03 1.009000000000000000e+03
1.354000000000000000e+03 1.121000000000000000e+03
1.405000000000000000e+03 6.750000000000000000e+02
1.420000000000000000e+03 4.790000000000000000e+02
1.448000000000000000e+03 1.668000000000000000e+03
1.454000000000000000e+03 9.000000000000000000e+02
1.483000000000000000e+03 1.153000000000000000e+03
1.510000000000000000e+03 4.670000000000000000e+02
1.528000000000000000e+03 1.690000000000000000e+03
1.604000000000000000e+03 1.347000000000000000e+03
1.607000000000000000e+03 1.327000000000000000e+03
1.647000000000000000e+03 1.420000000000000000e+02
1.666000000000000000e+03 2.250000000000000000e+02
1.689000000000000000e+03 1.008000000000000000e+03
1.691000000000000000e+03 1.624000000000000000e+03
1.743000000000000000e+03 1.397000000000000000e+03
1.767000000000000000e+03 1.240000000000000000e+02
1.792000000000000000e+03 1.700000000000000000e+02
1.822000000000000000e+03 1.846000000000000000e+03
1.826000000000000000e+03 1.397000000000000000e+03
1.830000000000000000e+03 1.331000000000000000e+03
1.870000000000000000e+03 4.100000000000000000e+01
1.929000000000000000e+03 5.890000000000000000e+02
1.951000000000000000e+03 7.200000000000000000e+02
1.966000000000000000e+03 6.700000000000000000e+01
1.989000000000000000e+03 5.830000000000000000e+02
2.069000000000000000e+03 8.600000000000000000e+01
2.097000000000000000e+03 2.810000000000000000e+02
2.164000000000000000e+03 9.910000000000000000e+02
2.178000000000000000e+03 4.510000000000000000e+02
2.183000000000000000e+03 1.092000000000000000e+03
2.196000000000000000e+03 3.620000000000000000e+02
2.204000000000000000e+03 4.320000000000000000e+02
2.211000000000000000e+03 1.500000000000000000e+01
2.230000000000000000e+03 1.530000000000000000e+02
2.279000000000000000e+03 1.105000000000000000e+03
2.284000000000000000e+03 1.362000000000000000e+03
2.328000000000000000e+03 1.094000000000000000e+03
2.351000000000000000e+03 1.354000000000000000e+03
2.352000000000000000e+03 7.850000000000000000e+02
2.393000000000000000e+03 1.497000000000000000e+03
2.455000000000000000e+03 1.810000000000000000e+02
2.471000000000000000e+03 1.147000000000000000e+03
2.574000000000000000e+03 1.685000000000000000e+03
2.624000000000000000e+03 9.160000000000000000e+02
2.631000000000000000e+03 6.150000000000000000e+02
2.778000000000000000e+03 1.823000000000000000e+03
2.779000000000000000e+03 1.833000000000000000e+03
2.785000000000000000e+03 1.878000000000000000e+03
2.804000000000000000e+03 7.540000000000000000e+02
2.837000000000000000e+03 8.220000000000000000e+02
2.844000000000000000e+03 1.857000000000000000e+03
2.852000000000000000e+03 4.570000000000000000e+02
2.863000000000000000e+03 1.865000000000000000e+03
2.870000000000000000e+03 6.580000000000000000e+02
2.871000000000000000e+03 8.700000000000000000e+01
2.879000000000000000e+03 1.585000000000000000e+03
2.937000000000000000e+03 1.111000000000000000e+03
2.980000000000000000e+03 1.361000000000000000e+03
6.500000000000000000e+01 1.641000000000000000e+03
1.850000000000000000e+02 1.760000000000000000e+02
2.090000000000000000e+02 1.702000000000000000e+03
2.370000000000000000e+02 1.627000000000000000e+03
2.850000000000000000e+02 1.617000000000000000e+03
3.400000000000000000e+02 1.240000000000000000e+03
3.780000000000000000e+02 1.339000000000000000e+03
3.940000000000000000e+02 7.300000000000000000e+02
4.310000000000000000e+02 1.165000000000000000e+03
4.430000000000000000e+02 6.630000000000000000e+02
4.730000000000000000e+02 6.280000000000000000e+02
4.930000000000000000e+02 1.760000000000000000e+02
5.600000000000000000e+02 1.117000000000000000e+03
5.710000000000000000e+02 1.347000000000000000e+03
5.860000000000000000e+02 6.330000000000000000e+02
5.910000000000000000e+02 1.551000000000000000e+03
6.090000000000000000e+02 1.343000000000000000e+03
6.590000000000000000e+02 1.245000000000000000e+03
6.700000000000000000e+02 9.250000000000000000e+02
7.210000000000000000e+02 1.989000000000000000e+03
7.260000000000000000e+02 1.899000000000000000e+03
7.440000000000000000e+02 1.220000000000000000e+02
7.470000000000000000e+02 7.890000000000000000e+02
7.930000000000000000e+02 1.920000000000000000e+02
8.100000000000000000e+02 4.800000000000000000e+01
8.130000000000000000e+02 4.200000000000000000e+01
8.840000000000000000e+02 4.940000000000000000e+02
1.004000000000000000e+03 3.180000000000000000e+02
1.105000000000000000e+03 5.290000000000000000e+02
1.134000000000000000e+03 1.036000000000000000e+03
1.143000000000000000e+03 5.560000000000000000e+02
1.155000000000000000e+03 1.072000000000000000e+03
1.177000000000000000e+03 7.300000000000000000e+01
1.194000000000000000e+03 8.700000000000000000e+01
1.228000000000000000e+03 2.640000000000000000e+02
1.300000000000000000e+03 8.200000000000000000e+01
1.308000000000000000e+03 1.080000000000000000e+02
1.324000000000000000e+03 1.386000000000000000e+03
1.394000000000000000e+03 7.370000000000000000e+02
1.399000000000000000e+03 1.109000000000000000e+03
1.409000000000000000e+03 4.760000000000000000e+02
1.410000000000000000e+03 1.145000000000000000e+03
1.429000000000000000e+03 1.153000000000000000e+03
1.430000000000000000e+03 9.820000000000000000e+02
1.431000000000000000e+03 1.230000000000000000e+02
1.434000000000000000e+03 1.650000000000000000e+02
1.457000000000000000e+03 5.300000000000000000e+02
1.466000000000000000e+03 1.900000000000000000e+02
1.469000000000000000e+03 1.112000000000000000e+03
1.475000000000000000e+03 1.029000000000000000e+03
1.525000000000000000e+03 1.660000000000000000e+02
1.530000000000000000e+03 1.390000000000000000e+03
1.550000000000000000e+03 1.760000000000000000e+02
1.559000000000000000e+03 1.060000000000000000e+02
1.603000000000000000e+03 1.392000000000000000e+03
1.614000000000000000e+03 1.360000000000000000e+02
1.682000000000000000e+03 2.480000000000000000e+02
1.682000000000000000e+03 1.666000000000000000e+03
1.801000000000000000e+03 1.598000000000000000e+03
1.817000000000000000e+03 1.846000000000000000e+03
1.835000000000000000e+03 1.421000000000000000e+03
1.872000000000000000e+03 1.605000000000000000e+03
1.880000000000000000e+03 3.500000000000000000e+01
1.895000000000000000e+03 7.990000000000000000e+02
1.897000000000000000e+03 1.245000000000000000e+03
1.900000000000000000e+03 2.880000000000000000e+02
1.918000000000000000e+03 3.970000000000000000e+02
1.928000000000000000e+03 1.191000000000000000e+03
1.930000000000000000e+03 1.175000000000000000e+03
1.967000000000000000e+03 6.700000000000000000e+01
1.971000000000000000e+03 1.175000000000000000e+03
1.971000000000000000e+03 1.191000000000000000e+03
1.983000000000000000e+03 6.090000000000000000e+02
2.065000000000000000e+03 1.358000000000000000e+03
2.072000000000000000e+03 1.343000000000000000e+03
2.078000000000000000e+03 1.771000000000000000e+03
2.089000000000000000e+03 9.810000000000000000e+02
2.095000000000000000e+03 9.760000000000000000e+02
2.134000000000000000e+03 2.420000000000000000e+02
2.152000000000000000e+03 7.910000000000000000e+02
2.155000000000000000e+03 1.382000000000000000e+03
2.173000000000000000e+03 1.384000000000000000e+03
2.174000000000000000e+03 1.448000000000000000e+03
2.192000000000000000e+03 1.262000000000000000e+03
2.202000000000000000e+03 1.367000000000000000e+03
2.221000000000000000e+03 3.980000000000000000e+02
2.243000000000000000e+03 5.790000000000000000e+02
2.281000000000000000e+03 1.145000000000000000e+03
2.308000000000000000e+03 1.914000000000000000e+03
2.314000000000000000e+03 1.915000000000000000e+03
2.395000000000000000e+03 1.877000000000000000e+03
2.488000000000000000e+03 1.473000000000000000e+03
2.498000000000000000e+03 5.570000000000000000e+02
2.520000000000000000e+03 7.480000000000000000e+02
2.561000000000000000e+03 5.350000000000000000e+02
2.613000000000000000e+03 5.200000000000000000e+01
2.613000000000000000e+03 8.630000000000000000e+02
2.661000000000000000e+03 4.810000000000000000e+02
2.688000000000000000e+03 3.100000000000000000e+02
2.731000000000000000e+03 2.980000000000000000e+02
2.775000000000000000e+03 1.829000000000000000e+03
2.776000000000000000e+03 4.590000000000000000e+02
2.779000000000000000e+03 1.823000000000000000e+03
2.783000000000000000e+03 1.880000000000000000e+02
2.803000000000000000e+03 5.290000000000000000e+02
2.806000000000000000e+03 1.810000000000000000e+02
2.807000000000000000e+03 6.300000000000000000e+01
2.819000000000000000e+03 2.440000000000000000e+02
2.842000000000000000e+03 1.769000000000000000e+03
2.843000000000000000e+03 1.485000000000000000e+03
2.848000000000000000e+03 9.870000000000000000e+02
2.854000000000000000e+03 4.180000000000000000e+02
2.862000000000000000e+03 1.090000000000000000e+02
2.863000000000000000e+03 6.350000000000000000e+02
2.880000000000000000e+03 1.860000000000000000e+02
2.881000000000000000e+03 8.530000000000000000e+02
2.889000000000000000e+03 1.210000000000000000e+02
2.959000000000000000e+03 1.813000000000000000e+03
2.988000000000000000e+03 1.647000000000000000e+03
3.004000000000000000e+03 1.594000000000000000e+03
3.018000000000000000e+03 1.058000000000000000e+03
3.055000000000000000e+03 1.739000000000000000e+03
5.600000000000000000e+01 1.642000000000000000e+03
1.420000000000000000e+02 1.693000000000000000e+03
1.700000000000000000e+02 1.657000000000000000e+03
2.810000000000000000e+02 1.521000000000000000e+03
2.900000000000000000e+02 1.459000000000000000e+03
3.330000000000000000e+02 5.120000000000000000e+02
4.500000000000000000e+02 1.715000000000000000e+03
4.520000000000000000e+02 5.570000000000000000e+02
4.600000000000000000e+02 5.620000000000000000e+02
4.760000000000000000e+02 1.340000000000000000e+03
5.070000000000000000e+02 7.140000000000000000e+02
5.390000000000000000e+02 6.860000000000000000e+02
5.770000000000000000e+02 7.240000000000000000e+02
5.850000000000000000e+02 1.232000000000000000e+03
6.080000000000000000e+02 1.365000000000000000e+03
6.430000000000000000e+02 1.713000000000000000e+03
6.600000000000000000e+02 2.100000000000000000e+02
7.440000000000000000e+02 1.230000000000000000e+02
7.470000000000000000e+02 7.900000000000000000e+02
7.790000000000000000e+02 6.190000000000000000e+02
7.840000000000000000e+02 1.734000000000000000e+03
7.970000000000000000e+02 1.367000000000000000e+03
8.050000000000000000e+02 5.720000000000000000e+02
8.870000000000000000e+02 1.190000000000000000e+03
8.950000000000000000e+02 1.138000000000000000e+03
9.080000000000000000e+02 2.660000000000000000e+02
9.120000000000000000e+02 1.190000000000000000e+03
9.490000000000000000e+02 7.300000000000000000e+01
9.610000000000000000e+02 1.054000000000000000e+03
9.710000000000000000e+02 1.372000000000000000e+03
9.750000000000000000e+02 1.371000000000000000e+03
1.022000000000000000e+03 2.170000000000000000e+02
1.027000000000000000e+03 6.600000000000000000e+01
1.042000000000000000e+03 8.010000000000000000e+02
1.104000000000000000e+03 1.151000000000000000e+03
1.119000000000000000e+03 9.870000000000000000e+02
1.120000000000000000e+03 2.100000000000000000e+01
1.135000000000000000e+03 1.035000000000000000e+03
1.153000000000000000e+03 1.150000000000000000e+03
1.154000000000000000e+03 9.860000000000000000e+02
1.166000000000000000e+03 1.150000000000000000e+03
1.167000000000000000e+03 9.850000000000000000e+02
1.212000000000000000e+03 6.890000000000000000e+02
1.231000000000000000e+03 1.113000000000000000e+03
1.239000000000000000e+03 1.076000000000000000e+03
1.257000000000000000e+03 1.309000000000000000e+03
1.265000000000000000e+03 1.763000000000000000e+03
1.276000000000000000e+03 1.039000000000000000e+03
1.313000000000000000e+03 1.134000000000000000e+03
1.350000000000000000e+03 9.440000000000000000e+02
1.359000000000000000e+03 1.390000000000000000e+02
1.366000000000000000e+03 1.330000000000000000e+02
1.398000000000000000e+03 1.342000000000000000e+03
1.432000000000000000e+03 5.020000000000000000e+02
1.434000000000000000e+03 1.660000000000000000e+02
1.440000000000000000e+03 1.780000000000000000e+02
1.442000000000000000e+03 9.780000000000000000e+02
1.442000000000000000e+03 1.147000000000000000e+03
1.450000000000000000e+03 1.704000000000000000e+03
1.453000000000000000e+03 1.066000000000000000e+03
1.475000000000000000e+03 1.028000000000000000e+03
1.492000000000000000e+03 5.270000000000000000e+02
1.495000000000000000e+03 9.760000000000000000e+02
1.512000000000000000e+03 1.065000000000000000e+03
1.517000000000000000e+03 4.710000000000000000e+02
1.560000000000000000e+03 1.386000000000000000e+03
1.564000000000000000e+03 1.190000000000000000e+02
1.583000000000000000e+03 7.630000000000000000e+02
1.602000000000000000e+03 1.078000000000000000e+03
1.634000000000000000e+03 1.587000000000000000e+03
1.636000000000000000e+03 1.898000000000000000e+03
1.649000000000000000e+03 1.177000000000000000e+03
1.663000000000000000e+03 1.659000000000000000e+03
1.690000000000000000e+03 8.470000000000000000e+02
1.705000000000000000e+03 1.829000000000000000e+03
1.712000000000000000e+03 1.594000000000000000e+03
1.716000000000000000e+03 2.850000000000000000e+02
1.728000000000000000e+03 1.086000000000000000e+03
1.730000000000000000e+03 1.661000000000000000e+03
1.741000000000000000e+03 1.417000000000000000e+03
1.826000000000000000e+03 1.351000000000000000e+03
1.834000000000000000e+03 2.420000000000000000e+02
1.834000000000000000e+03 1.420000000000000000e+03
1.855000000000000000e+03 2.120000000000000000e+02
1.912000000000000000e+03 1.090000000000000000e+02
1.969000000000000000e+03 5.400000000000000000e+01
1.975000000000000000e+03 1.353000000000000000e+03
1.983000000000000000e+03 2.790000000000000000e+02
1.989000000000000000e+03 4.500000000000000000e+01
2.004000000000000000e+03 1.017000000000000000e+03
2.052000000000000000e+03 1.333000000000000000e+03
2.054000000000000000e+03 1.392000000000000000e+03
2.055000000000000000e+03 1.401000000000000000e+03
2.057000000000000000e+03 1.416000000000000000e+03
2.133000000000000000e+03 4.840000000000000000e+02
2.140000000000000000e+03 7.840000000000000000e+02
2.237000000000000000e+03 1.210000000000000000e+03
2.244000000000000000e+03 1.472000000000000000e+03
2.249000000000000000e+03 6.800000000000000000e+01
2.277000000000000000e+03 9.890000000000000000e+02
2.281000000000000000e+03 1.146000000000000000e+03
2.301000000000000000e+03 6.000000000000000000e+00
2.360000000000000000e+03 1.345000000000000000e+03
2.402000000000000000e+03 1.330000000000000000e+02
2.423000000000000000e+03 1.882000000000000000e+03
2.454000000000000000e+03 1.006000000000000000e+03
2.534000000000000000e+03 1.108000000000000000e+03
2.535000000000000000e+03 5.610000000000000000e+02
2.572000000000000000e+03 4.220000000000000000e+02
2.600000000000000000e+03 1.010000000000000000e+02
2.627000000000000000e+03 6.150000000000000000e+02
2.774000000000000000e+03 1.829000000000000000e+03
2.779000000000000000e+03 1.822000000000000000e+03
2.783000000000000000e+03 1.827000000000000000e+03
2.790000000000000000e+03 6.900000000000000000e+02
2.791000000000000000e+03 4.600000000000000000e+02
2.792000000000000000e+03 7.070000000000000000e+02
2.801000000000000000e+03 9.540000000000000000e+02
2.803000000000000000e+03 5.300000000000000000e+02
2.807000000000000000e+03 6.700000000000000000e+01
2.833000000000000000e+03 2.820000000000000000e+02
2.850000000000000000e+03 2.680000000000000000e+02
2.858000000000000000e+03 5.120000000000000000e+02
2.863000000000000000e+03 6.640000000000000000e+02
2.868000000000000000e+03 3.370000000000000000e+02
2.871000000000000000e+03 1.300000000000000000e+01
2.884000000000000000e+03 1.570000000000000000e+02
2.885000000000000000e+03 7.000000000000000000e+02
2.898000000000000000e+03 5.500000000000000000e+01
2.901000000000000000e+03 1.563000000000000000e+03
2.984000000000000000e+03 1.283000000000000000e+03
2.790000000000000000e+02 9.530000000000000000e+02
2.890000000000000000e+02 1.459000000000000000e+03
3.680000000000000000e+02 6.220000000000000000e+02
3.700000000000000000e+02 9.300000000000000000e+02
4.400000000000000000e+02 1.715000000000000000e+03
4.590000000000000000e+02 1.234000000000000000e+03
4.700000000000000000e+02 5.560000000000000000e+02
4.780000000000000000e+02 3.980000000000000000e+02
4.940000000000000000e+02 1.216000000000000000e+03
5.470000000000000000e+02 1.449000000000000000e+03
5.920000000000000000e+02 1.696000000000000000e+03
5.960000000000000000e+02 6.500000000000000000e+01
6.030000000000000000e+02 3.930000000000000000e+02
6.050000000000000000e+02 1.430000000000000000e+02
6.050000000000000000e+02 7.080000000000000000e+02
6.430000000000000000e+02 1.712000000000000000e+03
6.750000000000000000e+02 6.180000000000000000e+02
6.800000000000000000e+02 9.330000000000000000e+02
6.850000000000000000e+02 8.400000000000000000e+01
6.970000000000000000e+02 3.710000000000000000e+02
7.240000000000000000e+02 1.360000000000000000e+02
7.740000000000000000e+02 1.281000000000000000e+03
8.110000000000000000e+02 5.640000000000000000e+02
8.180000000000000000e+02 9.090000000000000000e+02
9.220000000000000000e+02 1.641000000000000000e+03
9.450000000000000000e+02 6.390000000000000000e+02
9.920000000000000000e+02 9.330000000000000000e+02
9.940000000000000000e+02 3.600000000000000000e+01
1.076000000000000000e+03 2.340000000000000000e+02
1.076000000000000000e+03 1.749000000000000000e+03
1.083000000000000000e+03 9.350000000000000000e+02
1.096000000000000000e+03 9.120000000000000000e+02
1.096000000000000000e+03 9.910000000000000000e+02
1.105000000000000000e+03 9.890000000000000000e+02
1.136000000000000000e+03 1.300000000000000000e+02
1.151000000000000000e+03 1.197000000000000000e+03
1.153000000000000000e+03 1.151000000000000000e+03
1.171000000000000000e+03 9.110000000000000000e+02
1.177000000000000000e+03 1.069000000000000000e+03
1.180000000000000000e+03 9.090000000000000000e+02
1.230000000000000000e+03 1.141000000000000000e+03
1.239000000000000000e+03 4.800000000000000000e+01
1.240000000000000000e+03 8.820000000000000000e+02
1.249000000000000000e+03 1.135000000000000000e+03
1.250000000000000000e+03 1.065000000000000000e+03
1.256000000000000000e+03 1.309000000000000000e+03
1.282000000000000000e+03 4.010000000000000000e+02
1.293000000000000000e+03 4.010000000000000000e+02
1.301000000000000000e+03 1.099000000000000000e+03
1.304000000000000000e+03 1.919000000000000000e+03
1.351000000000000000e+03 1.010000000000000000e+02
1.352000000000000000e+03 1.220000000000000000e+02
1.358000000000000000e+03 1.421000000000000000e+03
1.361000000000000000e+03 1.380000000000000000e+03
1.366000000000000000e+03 1.320000000000000000e+02
1.367000000000000000e+03 6.920000000000000000e+02
1.369000000000000000e+03 1.115000000000000000e+03
1.371000000000000000e+03 5.870000000000000000e+02
1.449000000000000000e+03 1.704000000000000000e+03
1.476000000000000000e+03 1.196000000000000000e+03
1.506000000000000000e+03 5.330000000000000000e+02
1.509000000000000000e+03 9.760000000000000000e+02
1.552000000000000000e+03 1.659000000000000000e+03
1.564000000000000000e+03 1.180000000000000000e+02
1.565000000000000000e+03 1.385000000000000000e+03
1.578000000000000000e+03 1.650000000000000000e+03
1.582000000000000000e+03 9.070000000000000000e+02
1.582000000000000000e+03 1.010000000000000000e+03
1.585000000000000000e+03 1.088000000000000000e+03
1.632000000000000000e+03 1.643000000000000000e+03
1.633000000000000000e+03 1.587000000000000000e+03
1.646000000000000000e+03 1.520000000000000000e+02
1.673000000000000000e+03 9.040000000000000000e+02
1.676000000000000000e+03 1.692000000000000000e+03
1.679000000000000000e+03 1.709000000000000000e+03
1.695000000000000000e+03 1.574000000000000000e+03
1.709000000000000000e+03 4.830000000000000000e+02
1.710000000000000000e+03 1.557000000000000000e+03
1.734000000000000000e+03 3.110000000000000000e+02
1.743000000000000000e+03 1.348000000000000000e+03
1.748000000000000000e+03 1.502000000000000000e+03
1.780000000000000000e+03 3.620000000000000000e+02
1.795000000000000000e+03 5.270000000000000000e+02
1.820000000000000000e+03 2.090000000000000000e+02
1.827000000000000000e+03 1.615000000000000000e+03
1.896000000000000000e+03 2.880000000000000000e+02
1.900000000000000000e+03 4.010000000000000000e+02
1.920000000000000000e+03 6.140000000000000000e+02
1.980000000000000000e+03 9.130000000000000000e+02
2.005000000000000000e+03 1.017000000000000000e+03
2.054000000000000000e+03 1.394000000000000000e+03
2.059000000000000000e+03 1.520000000000000000e+03
2.072000000000000000e+03 1.384000000000000000e+03
2.184000000000000000e+03 1.078000000000000000e+03
2.193000000000000000e+03 1.539000000000000000e+03
2.218000000000000000e+03 9.350000000000000000e+02
2.242000000000000000e+03 2.180000000000000000e+02
2.274000000000000000e+03 3.930000000000000000e+02
2.301000000000000000e+03 6.770000000000000000e+02
2.382000000000000000e+03 9.000000000000000000e+01
2.388000000000000000e+03 1.626000000000000000e+03
2.421000000000000000e+03 1.500000000000000000e+01
2.426000000000000000e+03 1.060000000000000000e+02
2.428000000000000000e+03 8.390000000000000000e+02
2.434000000000000000e+03 1.006000000000000000e+03
2.480000000000000000e+03 1.127000000000000000e+03
2.520000000000000000e+03 1.529000000000000000e+03
2.597000000000000000e+03 9.620000000000000000e+02
2.643000000000000000e+03 7.500000000000000000e+01
2.672000000000000000e+03 4.170000000000000000e+02
2.789000000000000000e+03 6.890000000000000000e+02
2.801000000000000000e+03 9.910000000000000000e+02
2.812000000000000000e+03 1.244000000000000000e+03
2.817000000000000000e+03 9.750000000000000000e+02
2.836000000000000000e+03 8.230000000000000000e+02
2.838000000000000000e+03 9.720000000000000000e+02
2.855000000000000000e+03 3.880000000000000000e+02
2.858000000000000000e+03 2.130000000000000000e+02
2.868000000000000000e+03 3.380000000000000000e+02
2.869000000000000000e+03 2.530000000000000000e+02
2.870000000000000000e+03 1.350000000000000000e+03
2.873000000000000000e+03 3.910000000000000000e+02
2.885000000000000000e+03 9.050000000000000000e+02
2.888000000000000000e+03 7.340000000000000000e+02
2.898000000000000000e+03 1.596000000000000000e+03
2.904000000000000000e+03 1.700000000000000000e+02
2.904000000000000000e+03 9.400000000000000000e+02
2.910000000000000000e+03 1.544000000000000000e+03
2.912000000000000000e+03 1.038000000000000000e+03
2.912000000000000000e+03 1.687000000000000000e+03
2.943000000000000000e+03 2.730000000000000000e+02
2.948000000000000000e+03 1.759000000000000000e+03
2.973000000000000000e+03 5.830000000000000000e+02
3.004000000000000000e+03 1.073000000000000000e+03
3.069000000000000000e+03 1.865000000000000000e+03
1.940000000000000000e+02 1.780000000000000000e+02
2.920000000000000000e+02 1.519000000000000000e+03
3.800000000000000000e+02 1.460000000000000000e+03
3.950000000000000000e+02 4.930000000000000000e+02
3.990000000000000000e+02 5.630000000000000000e+02
4.020000000000000000e+02 8.820000000000000000e+02
4.050000000000000000e+02 1.040000000000000000e+02
4.560000000000000000e+02 2.220000000000000000e+02
4.600000000000000000e+02 1.234000000000000000e+03
4.640000000000000000e+02 1.217000000000000000e+03
5.150000000000000000e+02 4.420000000000000000e+02
5.380000000000000000e+02 8.980000000000000000e+02
5.740000000000000000e+02 1.655000000000000000e+03
5.770000000000000000e+02 7.800000000000000000e+02
6.460000000000000000e+02 4.510000000000000000e+02
6.650000000000000000e+02 5.330000000000000000e+02
6.710000000000000000e+02 9.270000000000000000e+02
7.120000000000000000e+02 1.332000000000000000e+03
7.160000000000000000e+02 1.129000000000000000e+03
7.290000000000000000e+02 9.480000000000000000e+02
7.450000000000000000e+02 6.300000000000000000e+02
7.910000000000000000e+02 4.310000000000000000e+02
8.130000000000000000e+02 5.800000000000000000e+01
8.940000000000000000e+02 1.938000000000000000e+03
9.440000000000000000e+02 5.800000000000000000e+01
9.490000000000000000e+02 1.377000000000000000e+03
9.850000000000000000e+02 1.062000000000000000e+03
9.940000000000000000e+02 3.700000000000000000e+01
1.037000000000000000e+03 1.052000000000000000e+03
1.043000000000000000e+03 8.020000000000000000e+02
1.075000000000000000e+03 1.749000000000000000e+03
1.083000000000000000e+03 9.360000000000000000e+02
1.151000000000000000e+03 1.198000000000000000e+03
1.166000000000000000e+03 1.190000000000000000e+02
1.169000000000000000e+03 1.377000000000000000e+03
1.172000000000000000e+03 5.070000000000000000e+02
1.177000000000000000e+03 5.520000000000000000e+02
1.180000000000000000e+03 9.100000000000000000e+02
1.239000000000000000e+03 1.318000000000000000e+03
1.240000000000000000e+03 8.830000000000000000e+02
1.252000000000000000e+03 5.980000000000000000e+02
1.270000000000000000e+03 8.670000000000000000e+02
1.279000000000000000e+03 1.700000000000000000e+03
1.351000000000000000e+03 6.850000000000000000e+02
1.359000000000000000e+03 1.421000000000000000e+03
1.396000000000000000e+03 1.550000000000000000e+02
1.400000000000000000e+03 1.384000000000000000e+03
1.430000000000000000e+03 1.065000000000000000e+03
1.433000000000000000e+03 7.800000000000000000e+01
1.434000000000000000e+03 1.690000000000000000e+03
1.457000000000000000e+03 1.195000000000000000e+03
1.466000000000000000e+03 8.600000000000000000e+01
1.505000000000000000e+03 5.330000000000000000e+02
1.518000000000000000e+03 6.010000000000000000e+02
1.521000000000000000e+03 5.080000000000000000e+02
1.521000000000000000e+03 1.064000000000000000e+03
1.522000000000000000e+03 8.960000000000000000e+02
1.522000000000000000e+03 9.800000000000000000e+02
1.566000000000000000e+03 1.298000000000000000e+03
1.578000000000000000e+03 1.651000000000000000e+03
1.631000000000000000e+03 1.644000000000000000e+03
1.632000000000000000e+03 7.640000000000000000e+02
1.633000000000000000e+03 1.588000000000000000e+03
1.673000000000000000e+03 1.351000000000000000e+03
1.676000000000000000e+03 1.691000000000000000e+03
1.689000000000000000e+03 2.550000000000000000e+02
1.694000000000000000e+03 1.574000000000000000e+03
1.699000000000000000e+03 9.030000000000000000e+02
1.702000000000000000e+03 1.150000000000000000e+03
1.728000000000000000e+03 1.039000000000000000e+03
1.748000000000000000e+03 4.770000000000000000e+02
1.795000000000000000e+03 1.186000000000000000e+03
1.796000000000000000e+03 5.280000000000000000e+02
1.828000000000000000e+03 1.185000000000000000e+03
1.896000000000000000e+03 8.850000000000000000e+02
2.071000000000000000e+03 1.385000000000000000e+03
2.078000000000000000e+03 1.343000000000000000e+03
2.193000000000000000e+03 1.538000000000000000e+03
2.206000000000000000e+03 1.580000000000000000e+03
2.256000000000000000e+03 1.596000000000000000e+03
2.285000000000000000e+03 1.667000000000000000e+03
2.389000000000000000e+03 1.625000000000000000e+03
2.408000000000000000e+03 4.500000000000000000e+01
2.437000000000000000e+03 1.418000000000000000e+03
2.460000000000000000e+03 1.535000000000000000e+03
2.483000000000000000e+03 1.603000000000000000e+03
2.518000000000000000e+03 5.370000000000000000e+02
2.548000000000000000e+03 1.800000000000000000e+02
2.579000000000000000e+03 2.440000000000000000e+02
2.619000000000000000e+03 1.700000000000000000e+03
2.702000000000000000e+03 1.848000000000000000e+03
2.720000000000000000e+03 9.710000000000000000e+02
2.741000000000000000e+03 1.861000000000000000e+03
2.747000000000000000e+03 1.457000000000000000e+03
2.769000000000000000e+03 9.600000000000000000e+01
2.783000000000000000e+03 4.260000000000000000e+02
2.789000000000000000e+03 6.880000000000000000e+02
2.791000000000000000e+03 6.540000000000000000e+02
2.827000000000000000e+03 5.570000000000000000e+02
2.866000000000000000e+03 2.130000000000000000e+02
2.869000000000000000e+03 1.575000000000000000e+03
2.874000000000000000e+03 3.910000000000000000e+02
2.905000000000000000e+03 9.400000000000000000e+02
2.909000000000000000e+03 1.545000000000000000e+03
2.920000000000000000e+03 1.580000000000000000e+03
2.970000000000000000e+03 4.220000000000000000e+02
3.069000000000000000e+03 1.866000000000000000e+03
9.900000000000000000e+01 1.546000000000000000e+03
1.320000000000000000e+02 1.318000000000000000e+03
1.450000000000000000e+02 1.083000000000000000e+03
1.630000000000000000e+02 7.710000000000000000e+02
1.700000000000000000e+02 1.657000000000000000e+03
1.770000000000000000e+02 4.800000000000000000e+02
1.950000000000000000e+02 1.780000000000000000e+02
3.500000000000000000e+02 1.743000000000000000e+03
4.030000000000000000e+02 2.520000000000000000e+02
4.520000000000000000e+02 1.224000000000000000e+03
4.610000000000000000e+02 5.840000000000000000e+02
4.890000000000000000e+02 1.343000000000000000e+03
4.940000000000000000e+02 9.000000000000000000e+01
4.990000000000000000e+02 9.510000000000000000e+02
5.110000000000000000e+02 4.880000000000000000e+02
5.680000000000000000e+02 1.660000000000000000e+02
6.470000000000000000e+02 4.500000000000000000e+02
7.120000000000000000e+02 1.331000000000000000e+03
7.490000000000000000e+02 2.600000000000000000e+01
7.890000000000000000e+02 9.000000000000000000e+02
8.140000000000000000e+02 5.800000000000000000e+01
8.250000000000000000e+02 1.944000000000000000e+03
9.140000000000000000e+02 2.900000000000000000e+02
9.830000000000000000e+02 1.063000000000000000e+03
9.910000000000000000e+02 5.240000000000000000e+02
1.078000000000000000e+03 1.092000000000000000e+03
1.089000000000000000e+03 2.250000000000000000e+02
1.103000000000000000e+03 1.074000000000000000e+03
1.118000000000000000e+03 1.034000000000000000e+03
1.131000000000000000e+03 5.900000000000000000e+01
1.154000000000000000e+03 1.035000000000000000e+03
1.179000000000000000e+03 5.510000000000000000e+02
1.276000000000000000e+03 1.079000000000000000e+03
1.298000000000000000e+03 6.780000000000000000e+02
1.298000000000000000e+03 1.114000000000000000e+03
1.308000000000000000e+03 1.137000000000000000e+03
1.310000000000000000e+03 2.600000000000000000e+01
1.318000000000000000e+03 1.097000000000000000e+03
1.328000000000000000e+03 9.480000000000000000e+02
1.354000000000000000e+03 2.440000000000000000e+02
1.364000000000000000e+03 9.000000000000000000e+01
1.365000000000000000e+03 5.900000000000000000e+02
1.374000000000000000e+03 2.500000000000000000e+01
1.432000000000000000e+03 1.297000000000000000e+03
1.456000000000000000e+03 1.027000000000000000e+03
1.495000000000000000e+03 1.026000000000000000e+03
1.495000000000000000e+03 1.196000000000000000e+03
1.497000000000000000e+03 1.860000000000000000e+02
1.514000000000000000e+03 1.703000000000000000e+03
1.518000000000000000e+03 4.550000000000000000e+02
1.519000000000000000e+03 5.610000000000000000e+02
1.519000000000000000e+03 6.020000000000000000e+02
1.521000000000000000e+03 9.800000000000000000e+02
1.567000000000000000e+03 1.297000000000000000e+03
1.585000000000000000e+03 6.250000000000000000e+02
1.599000000000000000e+03 1.393000000000000000e+03
1.632000000000000000e+03 1.588000000000000000e+03
1.727000000000000000e+03 1.039000000000000000e+03
1.732000000000000000e+03 3.090000000000000000e+02
1.737000000000000000e+03 1.065000000000000000e+03
1.765000000000000000e+03 4.810000000000000000e+02
1.845000000000000000e+03 1.374000000000000000e+03
1.849000000000000000e+03 2.870000000000000000e+02
1.898000000000000000e+03 8.850000000000000000e+02
2.048000000000000000e+03 6.960000000000000000e+02
2.143000000000000000e+03 4.680000000000000000e+02
2.146000000000000000e+03 7.900000000000000000e+02
2.155000000000000000e+03 1.739000000000000000e+03
2.181000000000000000e+03 1.441000000000000000e+03
2.208000000000000000e+03 1.580000000000000000e+03
2.224000000000000000e+03 2.270000000000000000e+02
2.231000000000000000e+03 1.444000000000000000e+03
2.236000000000000000e+03 1.352000000000000000e+03
2.267000000000000000e+03 2.180000000000000000e+02
2.275000000000000000e+03 1.169000000000000000e+03
2.281000000000000000e+03 1.146000000000000000e+03
2.290000000000000000e+03 9.840000000000000000e+02
2.363000000000000000e+03 7.700000000000000000e+02
2.384000000000000000e+03 1.571000000000000000e+03
2.408000000000000000e+03 8.600000000000000000e+01
2.428000000000000000e+03 1.364000000000000000e+03
2.482000000000000000e+03 1.524000000000000000e+03
2.488000000000000000e+03 1.502000000000000000e+03
2.489000000000000000e+03 1.521000000000000000e+03
2.579000000000000000e+03 2.430000000000000000e+02
2.729000000000000000e+03 1.660000000000000000e+03
2.776000000000000000e+03 3.200000000000000000e+01
2.776000000000000000e+03 3.120000000000000000e+02
2.842000000000000000e+03 1.030000000000000000e+03
2.869000000000000000e+03 1.576000000000000000e+03
2.871000000000000000e+03 3.180000000000000000e+02
2.898000000000000000e+03 1.658000000000000000e+03
2.908000000000000000e+03 1.546000000000000000e+03
2.952000000000000000e+03 1.786000000000000000e+03
3.011000000000000000e+03 1.816000000000000000e+03
3.028000000000000000e+03 1.829000000000000000e+03
3.053000000000000000e+03 1.027000000000000000e+03
1.320000000000000000e+02 1.298000000000000000e+03
1.330000000000000000e+02 1.317000000000000000e+03
4.030000000000000000e+02 2.500000000000000000e+02
4.620000000000000000e+02 5.830000000000000000e+02
5.250000000000000000e+02 4.440000000000000000e+02
5.360000000000000000e+02 9.390000000000000000e+02
5.950000000000000000e+02 3.580000000000000000e+02
7.110000000000000000e+02 1.329000000000000000e+03
7.610000000000000000e+02 9.380000000000000000e+02
8.820000000000000000e+02 4.820000000000000000e+02
9.470000000000000000e+02 6.200000000000000000e+01
1.000000000000000000e+03 8.830000000000000000e+02
1.023000000000000000e+03 8.900000000000000000e+02
1.320000000000000000e+03 9.040000000000000000e+02
1.343000000000000000e+03 1.668000000000000000e+03
1.375000000000000000e+03 2.300000000000000000e+01
1.522000000000000000e+03 1.920000000000000000e+02
1.568000000000000000e+03 1.296000000000000000e+03
1.601000000000000000e+03 1.392000000000000000e+03
1.679000000000000000e+03 4.420000000000000000e+02
1.731000000000000000e+03 3.070000000000000000e+02
1.883000000000000000e+03 1.347000000000000000e+03
1.937000000000000000e+03 3.330000000000000000e+02
1.954000000000000000e+03 9.700000000000000000e+01
1.981000000000000000e+03 6.920000000000000000e+02
2.098000000000000000e+03 2.770000000000000000e+02
2.142000000000000000e+03 8.410000000000000000e+02
2.147000000000000000e+03 7.900000000000000000e+02
2.245000000000000000e+03 9.370000000000000000e+02
2.274000000000000000e+03 1.095000000000000000e+03
2.280000000000000000e+03 1.648000000000000000e+03
2.356000000000000000e+03 3.910000000000000000e+02
2.402000000000000000e+03 1.280000000000000000e+02
2.576000000000000000e+03 7.500000000000000000e+02
2.588000000000000000e+03 3.320000000000000000e+02
2.594000000000000000e+03 1.300000000000000000e+01
2.612000000000000000e+03 2.180000000000000000e+02
2.790000000000000000e+03 9.920000000000000000e+02
2.791000000000000000e+03 7.660000000000000000e+02
2.794000000000000000e+03 8.410000000000000000e+02
2.810000000000000000e+03 1.424000000000000000e+03
2.837000000000000000e+03 1.633000000000000000e+03
2.907000000000000000e+03 1.548000000000000000e+03
3.048000000000000000e+03 5.900000000000000000e+02
2.140000000000000000e+02 1.644000000000000000e+03
6.210000000000000000e+02 1.033000000000000000e+03
7.610000000000000000e+02 9.360000000000000000e+02
1.205000000000000000e+03 7.600000000000000000e+02
1.241000000000000000e+03 1.086000000000000000e+03
1.259000000000000000e+03 8.150000000000000000e+02
1.266000000000000000e+03 1.126000000000000000e+03
1.356000000000000000e+03 1.220000000000000000e+02
1.380000000000000000e+03 1.136000000000000000e+03
1.589000000000000000e+03 1.005000000000000000e+03
1.730000000000000000e+03 3.050000000000000000e+02
1.899000000000000000e+03 9.100000000000000000e+01
1.977000000000000000e+03 4.350000000000000000e+02
1.980000000000000000e+03 6.930000000000000000e+02
2.012000000000000000e+03 9.100000000000000000e+02
2.099000000000000000e+03 1.694000000000000000e+03
2.273000000000000000e+03 1.497000000000000000e+03
2.337000000000000000e+03 2.410000000000000000e+02
2.356000000000000000e+03 3.910000000000000000e+02
2.414000000000000000e+03 2.410000000000000000e+02
2.456000000000000000e+03 1.093000000000000000e+03
2.552000000000000000e+03 1.060000000000000000e+02
2.765000000000000000e+03 4.440000000000000000e+02
2.778000000000000000e+03 6.630000000000000000e+02
2.801000000000000000e+03 1.088000000000000000e+03
2.824000000000000000e+03 1.860000000000000000e+03
3.970000000000000000e+02 1.467000000000000000e+03
7.290000000000000000e+02 9.430000000000000000e+02
8.950000000000000000e+02 4.150000000000000000e+02
1.065000000000000000e+03 9.460000000000000000e+02
1.090000000000000000e+03 4.200000000000000000e+02
1.128000000000000000e+03 1.660000000000000000e+02
1.242000000000000000e+03 1.085000000000000000e+03
1.318000000000000000e+03 8.420000000000000000e+02
1.381000000000000000e+03 1.180000000000000000e+02
1.490000000000000000e+03 8.840000000000000000e+02
1.568000000000000000e+03 1.930000000000000000e+02
1.585000000000000000e+03 8.070000000000000000e+02
1.591000000000000000e+03 1.724000000000000000e+03
1.663000000000000000e+03 8.700000000000000000e+02
1.674000000000000000e+03 9.480000000000000000e+02
1.698000000000000000e+03 7.150000000000000000e+02
1.978000000000000000e+03 4.350000000000000000e+02
2.167000000000000000e+03 6.730000000000000000e+02
2.287000000000000000e+03 7.600000000000000000e+02
2.351000000000000000e+03 5.730000000000000000e+02
2.357000000000000000e+03 3.890000000000000000e+02
2.485000000000000000e+03 4.610000000000000000e+02
2.613000000000000000e+03 8.650000000000000000e+02
2.614000000000000000e+03 1.102000000000000000e+03
2.800000000000000000e+03 1.261000000000000000e+03
2.816000000000000000e+03 1.621000000000000000e+03
2.824000000000000000e+03 1.858000000000000000e+03
2.937000000000000000e+03 1.017000000000000000e+03
2.990000000000000000e+03 1.653000000000000000e+03
1.020000000000000000e+02 9.490000000000000000e+02
1.290000000000000000e+02 4.080000000000000000e+02
1.310000000000000000e+02 1.229000000000000000e+03
1.470000000000000000e+02 6.900000000000000000e+01
1.690000000000000000e+02 4.050000000000000000e+02
1.750000000000000000e+02 1.440000000000000000e+02
1.750000000000000000e+02 1.656000000000000000e+03
4.260000000000000000e+02 2.460000000000000000e+02
4.670000000000000000e+02 5.770000000000000000e+02
4.890000000000000000e+02 1.288000000000000000e+03
4.940000000000000000e+02 1.233000000000000000e+03
6.290000000000000000e+02 1.371000000000000000e+03
6.450000000000000000e+02 1.127000000000000000e+03
7.600000000000000000e+02 9.280000000000000000e+02
8.280000000000000000e+02 1.942000000000000000e+03
8.980000000000000000e+02 1.944000000000000000e+03
9.610000000000000000e+02 1.943000000000000000e+03
1.025000000000000000e+03 4.230000000000000000e+02
1.048000000000000000e+03 5.290000000000000000e+02
1.077000000000000000e+03 1.102000000000000000e+03
1.084000000000000000e+03 7.740000000000000000e+02
1.087000000000000000e+03 2.790000000000000000e+02
1.129000000000000000e+03 1.650000000000000000e+02
1.147000000000000000e+03 8.970000000000000000e+02
1.174000000000000000e+03 6.550000000000000000e+02
1.235000000000000000e+03 1.330000000000000000e+02
1.248000000000000000e+03 1.320000000000000000e+03
1.267000000000000000e+03 2.360000000000000000e+02
1.269000000000000000e+03 1.019000000000000000e+03
1.284000000000000000e+03 1.113000000000000000e+03
1.346000000000000000e+03 1.046000000000000000e+03
1.358000000000000000e+03 1.200000000000000000e+02
1.361000000000000000e+03 9.330000000000000000e+02
1.399000000000000000e+03 1.114000000000000000e+03
1.400000000000000000e+03 1.336000000000000000e+03
1.421000000000000000e+03 5.780000000000000000e+02
1.441000000000000000e+03 9.400000000000000000e+01
1.462000000000000000e+03 8.850000000000000000e+02
1.511000000000000000e+03 6.250000000000000000e+02
1.567000000000000000e+03 1.930000000000000000e+02
1.663000000000000000e+03 8.720000000000000000e+02
1.698000000000000000e+03 7.160000000000000000e+02
1.781000000000000000e+03 1.392000000000000000e+03
1.784000000000000000e+03 1.141000000000000000e+03
1.831000000000000000e+03 1.344000000000000000e+03
1.892000000000000000e+03 8.060000000000000000e+02
1.921000000000000000e+03 1.030000000000000000e+02
1.926000000000000000e+03 1.175000000000000000e+03
1.973000000000000000e+03 9.420000000000000000e+02
1.979000000000000000e+03 4.340000000000000000e+02
1.983000000000000000e+03 1.198000000000000000e+03
2.103000000000000000e+03 9.890000000000000000e+02
2.139000000000000000e+03 4.770000000000000000e+02
2.178000000000000000e+03 1.680000000000000000e+02
2.188000000000000000e+03 1.004000000000000000e+03
2.217000000000000000e+03 4.720000000000000000e+02
2.250000000000000000e+03 9.320000000000000000e+02
2.277000000000000000e+03 1.281000000000000000e+03
2.290000000000000000e+03 7.590000000000000000e+02
2.360000000000000000e+03 2.430000000000000000e+02
2.451000000000000000e+03 2.330000000000000000e+02
2.484000000000000000e+03 4.630000000000000000e+02
2.608000000000000000e+03 2.170000000000000000e+02
2.612000000000000000e+03 8.660000000000000000e+02
2.614000000000000000e+03 1.101000000000000000e+03
2.649000000000000000e+03 3.270000000000000000e+02
2.744000000000000000e+03 1.851000000000000000e+03
2.760000000000000000e+03 1.920000000000000000e+02
2.768000000000000000e+03 1.830000000000000000e+03
2.771000000000000000e+03 5.500000000000000000e+02
2.771000000000000000e+03 6.600000000000000000e+02
2.782000000000000000e+03 1.816000000000000000e+03
2.784000000000000000e+03 7.570000000000000000e+02
2.786000000000000000e+03 9.780000000000000000e+02
2.792000000000000000e+03 8.550000000000000000e+02
2.793000000000000000e+03 1.167000000000000000e+03
2.799000000000000000e+03 1.093000000000000000e+03
2.800000000000000000e+03 1.260000000000000000e+03
2.810000000000000000e+03 1.466000000000000000e+03
2.810000000000000000e+03 1.558000000000000000e+03
2.812000000000000000e+03 1.680000000000000000e+03
2.813000000000000000e+03 1.801000000000000000e+03
2.815000000000000000e+03 1.624000000000000000e+03
2.817000000000000000e+03 1.255000000000000000e+03
2.818000000000000000e+03 1.379000000000000000e+03
2.847000000000000000e+03 4.620000000000000000e+02
2.900000000000000000e+03 9.100000000000000000e+01
2.906000000000000000e+03 2.760000000000000000e+02
2.911000000000000000e+03 4.170000000000000000e+02
2.911000000000000000e+03 1.859000000000000000e+03
2.912000000000000000e+03 1.582000000000000000e+03
2.927000000000000000e+03 7.260000000000000000e+02
2.932000000000000000e+03 2.280000000000000000e+02
2.937000000000000000e+03 2.800000000000000000e+02
2.941000000000000000e+03 3.530000000000000000e+02
2.950000000000000000e+03 6.580000000000000000e+02
2.975000000000000000e+03 1.118000000000000000e+03
2.992000000000000000e+03 1.657000000000000000e+03
3.012000000000000000e+03 4.170000000000000000e+02
3.026000000000000000e+03 1.831000000000000000e+03
3.034000000000000000e+03 3.640000000000000000e+02
