4.800000000000000000e+01 1.410000000000000000e+03
4.800000000000000000e+01 1.758000000000000000e+03
5.700000000000000000e+01 1.062000000000000000e+03
1.390000000000000000e+02 1.416000000000000000e+03
1.540000000000000000e+02 2.150000000000000000e+02
1.710000000000000000e+02 7.460000000000000000e+02
1.720000000000000000e+02 2.140000000000000000e+02
1.750000000000000000e+02 1.923000000000000000e+03
1.860000000000000000e+02 4.030000000000000000e+02
2.070000000000000000e+02 1.208000000000000000e+03
2.120000000000000000e+02 1.121000000000000000e+03
2.160000000000000000e+02 1.130000000000000000e+03
2.190000000000000000e+02 2.970000000000000000e+02
2.190000000000000000e+02 1.130000000000000000e+03
2.300000000000000000e+02 8.270000000000000000e+02
2.320000000000000000e+02 1.141000000000000000e+03
2.340000000000000000e+02 1.154000000000000000e+03
2.350000000000000000e+02 1.217000000000000000e+03
2.360000000000000000e+02 1.120000000000000000e+03
2.390000000000000000e+02 1.160000000000000000e+03
2.410000000000000000e+02 1.152000000000000000e+03
2.450000000000000000e+02 1.155000000000000000e+03
2.490000000000000000e+02 1.160000000000000000e+03
2.570000000000000000e+02 1.169000000000000000e+03
2.740000000000000000e+02 1.222000000000000000e+03
2.750000000000000000e+02 1.115000000000000000e+03
2.790000000000000000e+02 7.850000000000000000e+02
2.790000000000000000e+02 1.107000000000000000e+03
2.850000000000000000e+02 1.110000000000000000e+03
2.860000000000000000e+02 1.189000000000000000e+03
2.870000000000000000e+02 1.159000000000000000e+03
2.870000000000000000e+02 1.203000000000000000e+03
2.890000000000000000e+02 1.124000000000000000e+03
2.910000000000000000e+02 1.135000000000000000e+03
2.920000000000000000e+02 1.360000000000000000e+02
4.060000000000000000e+02 9.790000000000000000e+02
4.290000000000000000e+02 1.156000000000000000e+03
4.760000000000000000e+02 2.030000000000000000e+02
5.200000000000000000e+02 2.910000000000000000e+02
5.310000000000000000e+02 5.880000000000000000e+02
5.320000000000000000e+02 1.634000000000000000e+03
5.450000000000000000e+02 1.801000000000000000e+03
5.480000000000000000e+02 1.800000000000000000e+03
5.690000000000000000e+02 5.850000000000000000e+02
5.810000000000000000e+02 1.850000000000000000e+02
5.960000000000000000e+02 3.010000000000000000e+02
6.050000000000000000e+02 8.420000000000000000e+02
6.160000000000000000e+02 5.010000000000000000e+02
6.230000000000000000e+02 7.770000000000000000e+02
6.230000000000000000e+02 1.253000000000000000e+03
6.280000000000000000e+02 1.253000000000000000e+03
6.720000000000000000e+02 4.600000000000000000e+02
6.730000000000000000e+02 5.200000000000000000e+01
6.780000000000000000e+02 4.740000000000000000e+02
6.790000000000000000e+02 5.020000000000000000e+02
6.820000000000000000e+02 2.340000000000000000e+02
6.870000000000000000e+02 8.100000000000000000e+02
6.950000000000000000e+02 8.000000000000000000e+01
7.430000000000000000e+02 1.524000000000000000e+03
7.430000000000000000e+02 1.720000000000000000e+03
7.520000000000000000e+02 5.240000000000000000e+02
7.690000000000000000e+02 6.820000000000000000e+02
7.710000000000000000e+02 6.900000000000000000e+02
7.770000000000000000e+02 4.000000000000000000e+00
7.770000000000000000e+02 1.180000000000000000e+03
7.860000000000000000e+02 6.890000000000000000e+02
7.930000000000000000e+02 3.000000000000000000e+00
7.940000000000000000e+02 6.180000000000000000e+02
8.000000000000000000e+02 1.295000000000000000e+03
8.170000000000000000e+02 2.550000000000000000e+02
8.230000000000000000e+02 1.850000000000000000e+02
8.400000000000000000e+02 7.400000000000000000e+01
8.840000000000000000e+02 1.249000000000000000e+03
8.900000000000000000e+02 1.226000000000000000e+03
9.290000000000000000e+02 3.000000000000000000e+02
9.340000000000000000e+02 8.200000000000000000e+01
9.990000000000000000e+02 7.400000000000000000e+01
1.004000000000000000e+03 2.000000000000000000e+02
1.059000000000000000e+03 3.100000000000000000e+01
1.069000000000000000e+03 7.300000000000000000e+01
1.135000000000000000e+03 1.142000000000000000e+03
1.170000000000000000e+03 7.000000000000000000e+01
1.175000000000000000e+03 3.250000000000000000e+02
1.179000000000000000e+03 1.895000000000000000e+03
1.185000000000000000e+03 1.894000000000000000e+03
1.192000000000000000e+03 1.535000000000000000e+03
1.207000000000000000e+03 1.100000000000000000e+01
1.224000000000000000e+03 3.340000000000000000e+02
1.270000000000000000e+03 3.410000000000000000e+02
1.334000000000000000e+03 7.890000000000000000e+02
1.334000000000000000e+03 7.990000000000000000e+02
1.337000000000000000e+03 1.037000000000000000e+03
1.338000000000000000e+03 8.180000000000000000e+02
1.349000000000000000e+03 7.480000000000000000e+02
1.358000000000000000e+03 7.390000000000000000e+02
1.359000000000000000e+03 6.810000000000000000e+02
1.371000000000000000e+03 5.480000000000000000e+02
1.376000000000000000e+03 1.010000000000000000e+03
1.380000000000000000e+03 7.310000000000000000e+02
1.381000000000000000e+03 6.690000000000000000e+02
1.384000000000000000e+03 9.600000000000000000e+02
1.385000000000000000e+03 9.420000000000000000e+02
1.387000000000000000e+03 9.450000000000000000e+02
1.391000000000000000e+03 1.927000000000000000e+03
1.398000000000000000e+03 6.690000000000000000e+02
1.398000000000000000e+03 1.005000000000000000e+03
1.399000000000000000e+03 1.644000000000000000e+03
1.402000000000000000e+03 7.630000000000000000e+02
1.405000000000000000e+03 6.710000000000000000e+02
1.411000000000000000e+03 7.540000000000000000e+02
1.419000000000000000e+03 6.650000000000000000e+02
1.419000000000000000e+03 7.480000000000000000e+02
1.419000000000000000e+03 9.570000000000000000e+02
1.419000000000000000e+03 9.620000000000000000e+02
1.424000000000000000e+03 7.490000000000000000e+02
1.424000000000000000e+03 1.213000000000000000e+03
1.429000000000000000e+03 7.170000000000000000e+02
1.430000000000000000e+03 9.190000000000000000e+02
1.431000000000000000e+03 6.440000000000000000e+02
1.431000000000000000e+03 9.730000000000000000e+02
1.434000000000000000e+03 9.100000000000000000e+02
1.437000000000000000e+03 9.650000000000000000e+02
1.439000000000000000e+03 9.060000000000000000e+02
1.439000000000000000e+03 9.510000000000000000e+02
1.442000000000000000e+03 9.030000000000000000e+02
1.444000000000000000e+03 9.060000000000000000e+02
1.451000000000000000e+03 1.009000000000000000e+03
1.461000000000000000e+03 8.600000000000000000e+02
1.462000000000000000e+03 9.970000000000000000e+02
1.462000000000000000e+03 1.921000000000000000e+03
1.463000000000000000e+03 7.920000000000000000e+02
1.463000000000000000e+03 9.850000000000000000e+02
1.464000000000000000e+03 1.014000000000000000e+03
1.466000000000000000e+03 6.370000000000000000e+02
1.466000000000000000e+03 8.610000000000000000e+02
1.466000000000000000e+03 9.930000000000000000e+02
1.468000000000000000e+03 1.922000000000000000e+03
1.469000000000000000e+03 8.320000000000000000e+02
1.473000000000000000e+03 9.990000000000000000e+02
1.474000000000000000e+03 7.100000000000000000e+01
1.482000000000000000e+03 8.390000000000000000e+02
1.502000000000000000e+03 1.291000000000000000e+03
1.504000000000000000e+03 1.021000000000000000e+03
1.524000000000000000e+03 1.030000000000000000e+03
1.527000000000000000e+03 1.034000000000000000e+03
1.528000000000000000e+03 1.015000000000000000e+03
1.532000000000000000e+03 1.023000000000000000e+03
1.539000000000000000e+03 1.916000000000000000e+03
1.548000000000000000e+03 1.048000000000000000e+03
1.549000000000000000e+03 1.030000000000000000e+03
1.551000000000000000e+03 1.021000000000000000e+03
1.552000000000000000e+03 1.041000000000000000e+03
1.558000000000000000e+03 1.052000000000000000e+03
1.586000000000000000e+03 1.290000000000000000e+03
1.595000000000000000e+03 1.315000000000000000e+03
1.619000000000000000e+03 3.790000000000000000e+02
1.630000000000000000e+03 3.390000000000000000e+02
1.633000000000000000e+03 3.230000000000000000e+02
1.633000000000000000e+03 3.370000000000000000e+02
1.639000000000000000e+03 3.390000000000000000e+02
1.644000000000000000e+03 3.290000000000000000e+02
1.655000000000000000e+03 1.694000000000000000e+03
1.659000000000000000e+03 3.790000000000000000e+02
1.673000000000000000e+03 2.800000000000000000e+01
1.691000000000000000e+03 3.220000000000000000e+02
1.753000000000000000e+03 9.300000000000000000e+01
1.782000000000000000e+03 1.285000000000000000e+03
1.800000000000000000e+03 1.628000000000000000e+03
1.803000000000000000e+03 6.390000000000000000e+02
1.810000000000000000e+03 6.380000000000000000e+02
1.813000000000000000e+03 1.289000000000000000e+03
1.814000000000000000e+03 1.244000000000000000e+03
1.821000000000000000e+03 1.313000000000000000e+03
1.836000000000000000e+03 1.910000000000000000e+02
1.869000000000000000e+03 2.440000000000000000e+02
1.899000000000000000e+03 9.100000000000000000e+01
1.920000000000000000e+03 2.700000000000000000e+01
1.923000000000000000e+03 1.583000000000000000e+03
1.925000000000000000e+03 2.430000000000000000e+02
1.947000000000000000e+03 1.530000000000000000e+02
1.948000000000000000e+03 5.060000000000000000e+02
1.950000000000000000e+03 1.250000000000000000e+02
1.954000000000000000e+03 1.618000000000000000e+03
1.956000000000000000e+03 1.222000000000000000e+03
1.961000000000000000e+03 1.290000000000000000e+03
1.975000000000000000e+03 1.370000000000000000e+03
1.986000000000000000e+03 1.250000000000000000e+02
2.010000000000000000e+03 1.544000000000000000e+03
2.035000000000000000e+03 1.620000000000000000e+03
2.049000000000000000e+03 1.223000000000000000e+03
2.056000000000000000e+03 1.313000000000000000e+03
2.064000000000000000e+03 1.176000000000000000e+03
2.074000000000000000e+03 9.500000000000000000e+01
2.080000000000000000e+03 1.137000000000000000e+03
2.080000000000000000e+03 1.145000000000000000e+03
2.085000000000000000e+03 5.130000000000000000e+02
2.092000000000000000e+03 1.850000000000000000e+02
2.094000000000000000e+03 1.700000000000000000e+03
2.100000000000000000e+03 1.084000000000000000e+03
2.101000000000000000e+03 1.515000000000000000e+03
2.150000000000000000e+03 6.860000000000000000e+02
2.154000000000000000e+03 6.890000000000000000e+02
2.178000000000000000e+03 2.360000000000000000e+02
2.187000000000000000e+03 1.221000000000000000e+03
2.209000000000000000e+03 9.900000000000000000e+02
2.230000000000000000e+03 8.530000000000000000e+02
2.234000000000000000e+03 1.184000000000000000e+03
2.264000000000000000e+03 5.990000000000000000e+02
2.268000000000000000e+03 1.267000000000000000e+03
2.268000000000000000e+03 1.326000000000000000e+03
2.271000000000000000e+03 1.421000000000000000e+03
2.280000000000000000e+03 1.181000000000000000e+03
2.285000000000000000e+03 1.459000000000000000e+03
2.291000000000000000e+03 2.960000000000000000e+02
2.291000000000000000e+03 3.930000000000000000e+02
2.291000000000000000e+03 1.404000000000000000e+03
2.293000000000000000e+03 4.040000000000000000e+02
2.293000000000000000e+03 1.250000000000000000e+03
2.293000000000000000e+03 1.325000000000000000e+03
2.301000000000000000e+03 1.317000000000000000e+03
2.310000000000000000e+03 3.280000000000000000e+02
2.317000000000000000e+03 9.200000000000000000e+01
2.324000000000000000e+03 3.050000000000000000e+02
2.328000000000000000e+03 8.350000000000000000e+02
2.332000000000000000e+03 1.183000000000000000e+03
2.337000000000000000e+03 5.010000000000000000e+02
2.341000000000000000e+03 1.797000000000000000e+03
2.345000000000000000e+03 9.770000000000000000e+02
2.346000000000000000e+03 1.798000000000000000e+03
2.347000000000000000e+03 3.320000000000000000e+02
2.353000000000000000e+03 3.090000000000000000e+02
2.363000000000000000e+03 1.002000000000000000e+03
2.372000000000000000e+03 1.545000000000000000e+03
2.378000000000000000e+03 9.960000000000000000e+02
2.381000000000000000e+03 6.010000000000000000e+02
2.406000000000000000e+03 9.940000000000000000e+02
2.437000000000000000e+03 1.206000000000000000e+03
2.437000000000000000e+03 1.220000000000000000e+03
2.437000000000000000e+03 1.227000000000000000e+03
2.445000000000000000e+03 1.250000000000000000e+03
2.453000000000000000e+03 1.522000000000000000e+03
2.466000000000000000e+03 1.366000000000000000e+03
2.474000000000000000e+03 6.000000000000000000e+01
2.478000000000000000e+03 8.940000000000000000e+02
2.499000000000000000e+03 1.327000000000000000e+03
2.554000000000000000e+03 5.080000000000000000e+02
2.594000000000000000e+03 1.749000000000000000e+03
2.603000000000000000e+03 1.714000000000000000e+03
2.610000000000000000e+03 4.850000000000000000e+02
2.624000000000000000e+03 3.830000000000000000e+02
2.637000000000000000e+03 1.152000000000000000e+03
2.643000000000000000e+03 1.051000000000000000e+03
2.652000000000000000e+03 1.827000000000000000e+03
2.654000000000000000e+03 7.880000000000000000e+02
2.664000000000000000e+03 4.000000000000000000e+00
2.706000000000000000e+03 1.852000000000000000e+03
2.713000000000000000e+03 3.890000000000000000e+02
2.714000000000000000e+03 6.750000000000000000e+02
2.742000000000000000e+03 1.663000000000000000e+03
2.744000000000000000e+03 1.613000000000000000e+03
2.746000000000000000e+03 1.400000000000000000e+03
2.758000000000000000e+03 1.658000000000000000e+03
2.761000000000000000e+03 1.605000000000000000e+03
2.762000000000000000e+03 1.666000000000000000e+03
2.766000000000000000e+03 7.460000000000000000e+02
2.771000000000000000e+03 1.674000000000000000e+03
2.775000000000000000e+03 1.612000000000000000e+03
2.781000000000000000e+03 8.640000000000000000e+02
2.782000000000000000e+03 1.671000000000000000e+03
2.787000000000000000e+03 5.740000000000000000e+02
2.799000000000000000e+03 6.410000000000000000e+02
2.804000000000000000e+03 1.641000000000000000e+03
2.806000000000000000e+03 1.636000000000000000e+03
2.807000000000000000e+03 1.645000000000000000e+03
2.809000000000000000e+03 1.639000000000000000e+03
2.815000000000000000e+03 1.419000000000000000e+03
2.831000000000000000e+03 1.608000000000000000e+03
2.849000000000000000e+03 1.675000000000000000e+03
2.854000000000000000e+03 1.671000000000000000e+03
2.860000000000000000e+03 2.018000000000000000e+03
2.861000000000000000e+03 6.850000000000000000e+02
2.867000000000000000e+03 5.580000000000000000e+02
2.872000000000000000e+03 1.666000000000000000e+03
2.873000000000000000e+03 4.550000000000000000e+02
2.874000000000000000e+03 4.950000000000000000e+02
2.907000000000000000e+03 1.011000000000000000e+03
2.909000000000000000e+03 1.158000000000000000e+03
2.911000000000000000e+03 7.940000000000000000e+02
2.915000000000000000e+03 9.410000000000000000e+02
2.919000000000000000e+03 1.090000000000000000e+03
2.923000000000000000e+03 1.238000000000000000e+03
2.998000000000000000e+03 1.900000000000000000e+01
3.004000000000000000e+03 4.930000000000000000e+02
3.004000000000000000e+03 7.190000000000000000e+02
3.009000000000000000e+03 8.660000000000000000e+02
3.012000000000000000e+03 1.015000000000000000e+03
3.015000000000000000e+03 1.164000000000000000e+03
3.059000000000000000e+03 7.120000000000000000e+02
3.068000000000000000e+03 5.000000000000000000e+01
3.070000000000000000e+03 7.700000000000000000e+01
3.070000000000000000e+03 1.350000000000000000e+02
6.100000000000000000e+01 1.090000000000000000e+03
1.550000000000000000e+02 1.925000000000000000e+03
1.810000000000000000e+02 6.360000000000000000e+02
2.220000000000000000e+02 1.202000000000000000e+03
2.510000000000000000e+02 1.169000000000000000e+03
2.570000000000000000e+02 1.169000000000000000e+03
4.050000000000000000e+02 1.640000000000000000e+02
5.450000000000000000e+02 1.801000000000000000e+03
6.780000000000000000e+02 2.160000000000000000e+02
6.800000000000000000e+02 4.980000000000000000e+02
7.110000000000000000e+02 5.110000000000000000e+02
8.240000000000000000e+02 1.880000000000000000e+02
1.270000000000000000e+03 3.410000000000000000e+02
1.382000000000000000e+03 1.007000000000000000e+03
1.419000000000000000e+03 6.650000000000000000e+02
1.419000000000000000e+03 9.620000000000000000e+02
1.431000000000000000e+03 6.440000000000000000e+02
1.434000000000000000e+03 9.880000000000000000e+02
1.437000000000000000e+03 9.010000000000000000e+02
1.437000000000000000e+03 9.650000000000000000e+02
1.472000000000000000e+03 9.990000000000000000e+02
1.475000000000000000e+03 8.130000000000000000e+02
1.501000000000000000e+03 9.950000000000000000e+02
1.662000000000000000e+03 7.200000000000000000e+01
1.753000000000000000e+03 3.200000000000000000e+01
1.753000000000000000e+03 9.300000000000000000e+01
1.949000000000000000e+03 1.250000000000000000e+02
2.068000000000000000e+03 5.170000000000000000e+02
2.082000000000000000e+03 6.030000000000000000e+02
2.084000000000000000e+03 5.450000000000000000e+02
2.301000000000000000e+03 1.317000000000000000e+03
2.333000000000000000e+03 1.183000000000000000e+03
2.345000000000000000e+03 9.770000000000000000e+02
2.347000000000000000e+03 3.320000000000000000e+02
2.357000000000000000e+03 5.090000000000000000e+02
2.363000000000000000e+03 1.002000000000000000e+03
2.433000000000000000e+03 1.250000000000000000e+03
2.542000000000000000e+03 3.660000000000000000e+02
2.678000000000000000e+03 1.514000000000000000e+03
2.786000000000000000e+03 5.350000000000000000e+02
2.814000000000000000e+03 1.682000000000000000e+03
2.837000000000000000e+03 1.668000000000000000e+03
2.877000000000000000e+03 6.110000000000000000e+02
2.923000000000000000e+03 1.238000000000000000e+03
2.980000000000000000e+03 4.540000000000000000e+02
3.011000000000000000e+03 1.688000000000000000e+03
3.018000000000000000e+03 6.060000000000000000e+02
3.068000000000000000e+03 5.000000000000000000e+01
3.070000000000000000e+03 1.350000000000000000e+02
1.800000000000000000e+01 7.200000000000000000e+01
1.150000000000000000e+02 1.414000000000000000e+03
1.170000000000000000e+02 7.630000000000000000e+02
1.580000000000000000e+02 7.820000000000000000e+02
2.120000000000000000e+02 1.121000000000000000e+03
2.210000000000000000e+02 1.730000000000000000e+02
2.500000000000000000e+02 1.169000000000000000e+03
2.580000000000000000e+02 1.169000000000000000e+03
3.080000000000000000e+02 1.018000000000000000e+03
5.320000000000000000e+02 1.634000000000000000e+03
5.390000000000000000e+02 1.034000000000000000e+03
5.480000000000000000e+02 1.800000000000000000e+03
6.720000000000000000e+02 4.600000000000000000e+02
6.840000000000000000e+02 4.160000000000000000e+02
6.870000000000000000e+02 8.100000000000000000e+02
6.950000000000000000e+02 8.000000000000000000e+01
7.100000000000000000e+02 5.080000000000000000e+02
7.110000000000000000e+02 1.734000000000000000e+03
7.230000000000000000e+02 4.480000000000000000e+02
7.860000000000000000e+02 6.890000000000000000e+02
7.930000000000000000e+02 3.000000000000000000e+00
8.000000000000000000e+02 1.295000000000000000e+03
8.790000000000000000e+02 8.740000000000000000e+02
8.900000000000000000e+02 1.226000000000000000e+03
1.031000000000000000e+03 1.226000000000000000e+03
1.059000000000000000e+03 3.100000000000000000e+01
1.069000000000000000e+03 2.000000000000000000e+00
1.125000000000000000e+03 1.225000000000000000e+03
1.210000000000000000e+03 3.400000000000000000e+02
1.224000000000000000e+03 3.340000000000000000e+02
1.228000000000000000e+03 4.000000000000000000e+00
1.335000000000000000e+03 8.080000000000000000e+02
1.354000000000000000e+03 5.350000000000000000e+02
1.355000000000000000e+03 6.870000000000000000e+02
1.382000000000000000e+03 1.006000000000000000e+03
1.412000000000000000e+03 4.790000000000000000e+02
1.419000000000000000e+03 9.570000000000000000e+02
1.434000000000000000e+03 9.590000000000000000e+02
1.444000000000000000e+03 9.060000000000000000e+02
1.444000000000000000e+03 9.800000000000000000e+02
1.481000000000000000e+03 1.026000000000000000e+03
1.485000000000000000e+03 1.014000000000000000e+03
1.497000000000000000e+03 1.013000000000000000e+03
1.595000000000000000e+03 1.314000000000000000e+03
1.633000000000000000e+03 3.230000000000000000e+02
1.662000000000000000e+03 7.100000000000000000e+01
1.782000000000000000e+03 3.290000000000000000e+02
1.818000000000000000e+03 1.223000000000000000e+03
1.828000000000000000e+03 8.980000000000000000e+02
1.834000000000000000e+03 9.490000000000000000e+02
1.870000000000000000e+03 2.440000000000000000e+02
1.888000000000000000e+03 6.000000000000000000e+01
1.956000000000000000e+03 1.223000000000000000e+03
1.975000000000000000e+03 1.370000000000000000e+03
2.042000000000000000e+03 1.834000000000000000e+03
2.055000000000000000e+03 1.312000000000000000e+03
2.084000000000000000e+03 5.130000000000000000e+02
2.154000000000000000e+03 6.890000000000000000e+02
2.179000000000000000e+03 2.360000000000000000e+02
2.187000000000000000e+03 1.221000000000000000e+03
2.268000000000000000e+03 1.490000000000000000e+02
2.274000000000000000e+03 9.910000000000000000e+02
2.285000000000000000e+03 1.476000000000000000e+03
2.353000000000000000e+03 3.100000000000000000e+02
2.363000000000000000e+03 1.003000000000000000e+03
2.370000000000000000e+03 5.100000000000000000e+02
2.381000000000000000e+03 1.331000000000000000e+03
2.466000000000000000e+03 1.366000000000000000e+03
2.479000000000000000e+03 2.250000000000000000e+02
2.509000000000000000e+03 1.023000000000000000e+03
2.519000000000000000e+03 3.530000000000000000e+02
2.534000000000000000e+03 4.130000000000000000e+02
2.543000000000000000e+03 2.820000000000000000e+02
2.635000000000000000e+03 4.050000000000000000e+02
2.671000000000000000e+03 5.640000000000000000e+02
2.742000000000000000e+03 1.663000000000000000e+03
2.770000000000000000e+03 1.674000000000000000e+03
2.782000000000000000e+03 1.671000000000000000e+03
2.841000000000000000e+03 1.113000000000000000e+03
2.860000000000000000e+03 6.850000000000000000e+02
2.872000000000000000e+03 1.666000000000000000e+03
2.873000000000000000e+03 4.550000000000000000e+02
2.877000000000000000e+03 1.451000000000000000e+03
3.034000000000000000e+03 6.810000000000000000e+02
3.036000000000000000e+03 3.530000000000000000e+02
1.100000000000000000e+01 1.332000000000000000e+03
1.720000000000000000e+02 2.140000000000000000e+02
1.720000000000000000e+02 1.088000000000000000e+03
1.750000000000000000e+02 1.923000000000000000e+03
2.010000000000000000e+02 7.040000000000000000e+02
2.140000000000000000e+02 4.090000000000000000e+02
2.220000000000000000e+02 1.201000000000000000e+03
2.490000000000000000e+02 1.519000000000000000e+03
2.580000000000000000e+02 1.265000000000000000e+03
2.870000000000000000e+02 1.151000000000000000e+03
2.930000000000000000e+02 1.110000000000000000e+03
3.990000000000000000e+02 1.160000000000000000e+02
4.200000000000000000e+02 8.700000000000000000e+01
4.800000000000000000e+02 1.348000000000000000e+03
5.310000000000000000e+02 1.065000000000000000e+03
6.280000000000000000e+02 1.253000000000000000e+03
6.510000000000000000e+02 1.228000000000000000e+03
6.870000000000000000e+02 8.090000000000000000e+02
7.060000000000000000e+02 1.530000000000000000e+03
7.120000000000000000e+02 3.800000000000000000e+02
7.280000000000000000e+02 3.760000000000000000e+02
7.520000000000000000e+02 5.240000000000000000e+02
7.800000000000000000e+02 5.950000000000000000e+02
8.160000000000000000e+02 2.370000000000000000e+02
8.230000000000000000e+02 1.860000000000000000e+02
8.890000000000000000e+02 1.317000000000000000e+03
8.930000000000000000e+02 3.500000000000000000e+01
1.003000000000000000e+03 2.950000000000000000e+02
1.003000000000000000e+03 1.778000000000000000e+03
1.009000000000000000e+03 1.990000000000000000e+02
1.020000000000000000e+03 8.100000000000000000e+02
1.021000000000000000e+03 8.160000000000000000e+02
1.035000000000000000e+03 1.294000000000000000e+03
1.037000000000000000e+03 8.240000000000000000e+02
1.118000000000000000e+03 1.292000000000000000e+03
1.162000000000000000e+03 3.200000000000000000e+02
1.170000000000000000e+03 6.900000000000000000e+01
1.198000000000000000e+03 9.520000000000000000e+02
1.207000000000000000e+03 1.000000000000000000e+01
1.267000000000000000e+03 4.040000000000000000e+02
1.269000000000000000e+03 1.292000000000000000e+03
1.306000000000000000e+03 4.200000000000000000e+02
1.334000000000000000e+03 7.990000000000000000e+02
1.335000000000000000e+03 8.070000000000000000e+02
1.358000000000000000e+03 7.390000000000000000e+02
1.368000000000000000e+03 1.932000000000000000e+03
1.372000000000000000e+03 7.100000000000000000e+01
1.379000000000000000e+03 7.100000000000000000e+01
1.393000000000000000e+03 5.190000000000000000e+02
1.458000000000000000e+03 5.190000000000000000e+02
1.462000000000000000e+03 1.921000000000000000e+03
1.463000000000000000e+03 1.014000000000000000e+03
1.466000000000000000e+03 6.370000000000000000e+02
1.469000000000000000e+03 1.922000000000000000e+03
1.474000000000000000e+03 7.100000000000000000e+01
1.476000000000000000e+03 1.019000000000000000e+03
1.497000000000000000e+03 4.060000000000000000e+02
1.527000000000000000e+03 1.034000000000000000e+03
1.529000000000000000e+03 1.016000000000000000e+03
1.540000000000000000e+03 5.360000000000000000e+02
1.551000000000000000e+03 1.909000000000000000e+03
1.586000000000000000e+03 1.290000000000000000e+03
1.587000000000000000e+03 3.290000000000000000e+02
1.638000000000000000e+03 3.390000000000000000e+02
1.694000000000000000e+03 6.000000000000000000e+00
1.814000000000000000e+03 1.244000000000000000e+03
1.821000000000000000e+03 1.313000000000000000e+03
1.823000000000000000e+03 9.390000000000000000e+02
1.897000000000000000e+03 9.100000000000000000e+01
1.897000000000000000e+03 3.490000000000000000e+02
1.941000000000000000e+03 2.039000000000000000e+03
1.961000000000000000e+03 1.290000000000000000e+03
2.001000000000000000e+03 1.830000000000000000e+02
2.045000000000000000e+03 1.288000000000000000e+03
2.046000000000000000e+03 1.835000000000000000e+03
2.049000000000000000e+03 1.223000000000000000e+03
2.090000000000000000e+03 4.870000000000000000e+02
2.099000000000000000e+03 1.068000000000000000e+03
2.099000000000000000e+03 1.084000000000000000e+03
2.119000000000000000e+03 1.499000000000000000e+03
2.133000000000000000e+03 4.640000000000000000e+02
2.194000000000000000e+03 1.288000000000000000e+03
2.259000000000000000e+03 8.930000000000000000e+02
2.284000000000000000e+03 1.452000000000000000e+03
2.290000000000000000e+03 1.305000000000000000e+03
2.294000000000000000e+03 1.250000000000000000e+03
2.302000000000000000e+03 1.374000000000000000e+03
2.306000000000000000e+03 1.158000000000000000e+03
2.309000000000000000e+03 1.637000000000000000e+03
2.310000000000000000e+03 3.270000000000000000e+02
2.317000000000000000e+03 9.100000000000000000e+01
2.346000000000000000e+03 1.798000000000000000e+03
2.360000000000000000e+03 1.008000000000000000e+03
2.366000000000000000e+03 5.300000000000000000e+02
2.368000000000000000e+03 1.244000000000000000e+03
2.428000000000000000e+03 5.030000000000000000e+02
2.429000000000000000e+03 1.235000000000000000e+03
2.459000000000000000e+03 1.488000000000000000e+03
2.518000000000000000e+03 1.877000000000000000e+03
2.534000000000000000e+03 1.044000000000000000e+03
2.542000000000000000e+03 1.987000000000000000e+03
2.602000000000000000e+03 1.751000000000000000e+03
2.610000000000000000e+03 4.850000000000000000e+02
2.652000000000000000e+03 2.710000000000000000e+02
2.654000000000000000e+03 7.880000000000000000e+02
2.664000000000000000e+03 8.360000000000000000e+02
2.701000000000000000e+03 1.523000000000000000e+03
2.719000000000000000e+03 2.900000000000000000e+02
2.754000000000000000e+03 2.830000000000000000e+02
2.782000000000000000e+03 1.670000000000000000e+03
2.806000000000000000e+03 1.635000000000000000e+03
2.807000000000000000e+03 1.645000000000000000e+03
2.830000000000000000e+03 1.609000000000000000e+03
2.874000000000000000e+03 4.950000000000000000e+02
3.004000000000000000e+03 4.930000000000000000e+02
3.059000000000000000e+03 7.120000000000000000e+02
1.730000000000000000e+02 2.140000000000000000e+02
1.980000000000000000e+02 1.356000000000000000e+03
2.130000000000000000e+02 1.122000000000000000e+03
2.190000000000000000e+02 1.129000000000000000e+03
2.250000000000000000e+02 6.080000000000000000e+02
2.290000000000000000e+02 6.080000000000000000e+02
2.550000000000000000e+02 2.970000000000000000e+02
2.860000000000000000e+02 1.204000000000000000e+03
3.010000000000000000e+02 1.209000000000000000e+03
3.030000000000000000e+02 1.126000000000000000e+03
3.310000000000000000e+02 1.015000000000000000e+03
3.740000000000000000e+02 8.260000000000000000e+02
4.110000000000000000e+02 1.099000000000000000e+03
4.160000000000000000e+02 1.120000000000000000e+03
4.900000000000000000e+02 8.320000000000000000e+02
4.980000000000000000e+02 1.080000000000000000e+03
5.620000000000000000e+02 1.209000000000000000e+03
5.620000000000000000e+02 1.713000000000000000e+03
6.210000000000000000e+02 1.253000000000000000e+03
6.460000000000000000e+02 1.294000000000000000e+03
6.580000000000000000e+02 6.810000000000000000e+02
6.730000000000000000e+02 5.200000000000000000e+01
6.870000000000000000e+02 2.940000000000000000e+02
7.980000000000000000e+02 1.248000000000000000e+03
8.330000000000000000e+02 1.950000000000000000e+02
8.840000000000000000e+02 1.248000000000000000e+03
8.970000000000000000e+02 8.110000000000000000e+02
8.980000000000000000e+02 8.000000000000000000e+02
9.030000000000000000e+02 1.972000000000000000e+03
9.560000000000000000e+02 3.450000000000000000e+02
1.020000000000000000e+03 8.110000000000000000e+02
1.023000000000000000e+03 8.990000000000000000e+02
1.135000000000000000e+03 1.142000000000000000e+03
1.179000000000000000e+03 1.895000000000000000e+03
1.208000000000000000e+03 9.060000000000000000e+02
1.239000000000000000e+03 1.086000000000000000e+03
1.248000000000000000e+03 7.790000000000000000e+02
1.337000000000000000e+03 7.680000000000000000e+02
1.356000000000000000e+03 6.700000000000000000e+01
1.380000000000000000e+03 7.310000000000000000e+02
1.400000000000000000e+03 9.500000000000000000e+02
1.424000000000000000e+03 1.212000000000000000e+03
1.439000000000000000e+03 1.642000000000000000e+03
1.502000000000000000e+03 1.291000000000000000e+03
1.551000000000000000e+03 1.937000000000000000e+03
1.587000000000000000e+03 1.224000000000000000e+03
1.604000000000000000e+03 1.677000000000000000e+03
1.673000000000000000e+03 4.790000000000000000e+02
1.679000000000000000e+03 1.236000000000000000e+03
1.734000000000000000e+03 1.244000000000000000e+03
1.734000000000000000e+03 1.289000000000000000e+03
1.781000000000000000e+03 3.130000000000000000e+02
1.785000000000000000e+03 2.950000000000000000e+02
1.808000000000000000e+03 1.583000000000000000e+03
1.813000000000000000e+03 1.290000000000000000e+03
1.814000000000000000e+03 1.243000000000000000e+03
1.850000000000000000e+03 8.990000000000000000e+02
1.915000000000000000e+03 7.800000000000000000e+01
1.918000000000000000e+03 1.563000000000000000e+03
1.937000000000000000e+03 2.039000000000000000e+03
1.952000000000000000e+03 1.140000000000000000e+02
1.955000000000000000e+03 1.024000000000000000e+03
1.961000000000000000e+03 1.583000000000000000e+03
2.010000000000000000e+03 1.100000000000000000e+01
2.030000000000000000e+03 4.870000000000000000e+02
2.037000000000000000e+03 1.950000000000000000e+02
2.049000000000000000e+03 1.224000000000000000e+03
2.067000000000000000e+03 3.960000000000000000e+02
2.085000000000000000e+03 5.120000000000000000e+02
2.097000000000000000e+03 1.490000000000000000e+03
2.099000000000000000e+03 1.069000000000000000e+03
2.128000000000000000e+03 1.434000000000000000e+03
2.164000000000000000e+03 8.190000000000000000e+02
2.233000000000000000e+03 1.184000000000000000e+03
2.263000000000000000e+03 1.321000000000000000e+03
2.307000000000000000e+03 3.200000000000000000e+02
2.328000000000000000e+03 1.102000000000000000e+03
2.341000000000000000e+03 1.798000000000000000e+03
2.389000000000000000e+03 5.000000000000000000e+00
2.423000000000000000e+03 5.860000000000000000e+02
2.427000000000000000e+03 3.090000000000000000e+02
2.430000000000000000e+03 1.218000000000000000e+03
2.436000000000000000e+03 1.228000000000000000e+03
2.474000000000000000e+03 5.600000000000000000e+01
2.546000000000000000e+03 1.009000000000000000e+03
2.578000000000000000e+03 1.710000000000000000e+03
2.623000000000000000e+03 3.830000000000000000e+02
2.636000000000000000e+03 4.060000000000000000e+02
2.742000000000000000e+03 1.034000000000000000e+03
2.749000000000000000e+03 2.260000000000000000e+02
2.759000000000000000e+03 1.613000000000000000e+03
2.785000000000000000e+03 1.335000000000000000e+03
2.798000000000000000e+03 8.300000000000000000e+01
2.806000000000000000e+03 1.634000000000000000e+03
2.807000000000000000e+03 1.646000000000000000e+03
2.810000000000000000e+03 1.075000000000000000e+03
2.829000000000000000e+03 1.610000000000000000e+03
2.847000000000000000e+03 1.415000000000000000e+03
2.860000000000000000e+03 1.107000000000000000e+03
3.069000000000000000e+03 5.800000000000000000e+01
4.900000000000000000e+01 1.409000000000000000e+03
5.400000000000000000e+01 1.144000000000000000e+03
7.700000000000000000e+01 1.268000000000000000e+03
1.060000000000000000e+02 5.100000000000000000e+02
1.170000000000000000e+02 5.990000000000000000e+02
1.720000000000000000e+02 2.130000000000000000e+02
2.130000000000000000e+02 4.080000000000000000e+02
2.130000000000000000e+02 1.122000000000000000e+03
2.260000000000000000e+02 3.900000000000000000e+02
2.290000000000000000e+02 6.100000000000000000e+02
2.360000000000000000e+02 8.640000000000000000e+02
2.660000000000000000e+02 1.506000000000000000e+03
2.860000000000000000e+02 1.958000000000000000e+03
2.940000000000000000e+02 1.958000000000000000e+03
3.730000000000000000e+02 8.260000000000000000e+02
3.880000000000000000e+02 3.710000000000000000e+02
3.940000000000000000e+02 4.090000000000000000e+02
4.160000000000000000e+02 1.099000000000000000e+03
4.170000000000000000e+02 1.119000000000000000e+03
4.290000000000000000e+02 1.155000000000000000e+03
6.710000000000000000e+02 4.120000000000000000e+02
7.000000000000000000e+02 8.090000000000000000e+02
7.270000000000000000e+02 5.110000000000000000e+02
7.400000000000000000e+02 1.685000000000000000e+03
7.460000000000000000e+02 1.087000000000000000e+03
7.790000000000000000e+02 1.188000000000000000e+03
8.520000000000000000e+02 5.090000000000000000e+02
8.770000000000000000e+02 1.083000000000000000e+03
8.880000000000000000e+02 1.316000000000000000e+03
9.050000000000000000e+02 6.950000000000000000e+02
9.700000000000000000e+02 7.700000000000000000e+01
1.009000000000000000e+03 1.628000000000000000e+03
1.024000000000000000e+03 9.390000000000000000e+02
1.046000000000000000e+03 3.900000000000000000e+02
1.174000000000000000e+03 6.800000000000000000e+01
1.185000000000000000e+03 1.895000000000000000e+03
1.191000000000000000e+03 1.535000000000000000e+03
1.223000000000000000e+03 9.140000000000000000e+02
1.240000000000000000e+03 1.087000000000000000e+03
1.349000000000000000e+03 7.480000000000000000e+02
1.360000000000000000e+03 1.315000000000000000e+03
1.398000000000000000e+03 1.644000000000000000e+03
1.424000000000000000e+03 1.211000000000000000e+03
1.474000000000000000e+03 9.510000000000000000e+02
1.491000000000000000e+03 6.700000000000000000e+01
1.502000000000000000e+03 1.245000000000000000e+03
1.565000000000000000e+03 1.907000000000000000e+03
1.586000000000000000e+03 1.243000000000000000e+03
1.607000000000000000e+03 1.547000000000000000e+03
1.617000000000000000e+03 1.002000000000000000e+03
1.625000000000000000e+03 9.140000000000000000e+02
1.654000000000000000e+03 1.534000000000000000e+03
1.694000000000000000e+03 2.800000000000000000e+01
1.729000000000000000e+03 9.680000000000000000e+02
1.734000000000000000e+03 1.243000000000000000e+03
1.754000000000000000e+03 1.597000000000000000e+03
1.867000000000000000e+03 9.580000000000000000e+02
1.887000000000000000e+03 4.600000000000000000e+01
1.887000000000000000e+03 1.790000000000000000e+03
1.915000000000000000e+03 7.700000000000000000e+01
1.924000000000000000e+03 1.582000000000000000e+03
1.932000000000000000e+03 1.270000000000000000e+02
1.944000000000000000e+03 9.900000000000000000e+01
1.952000000000000000e+03 1.529000000000000000e+03
1.953000000000000000e+03 1.130000000000000000e+02
1.954000000000000000e+03 1.617000000000000000e+03
1.961000000000000000e+03 1.243000000000000000e+03
1.967000000000000000e+03 1.558000000000000000e+03
1.974000000000000000e+03 8.800000000000000000e+01
1.975000000000000000e+03 8.940000000000000000e+02
1.999000000000000000e+03 2.960000000000000000e+02
2.002000000000000000e+03 1.212000000000000000e+03
2.035000000000000000e+03 1.552000000000000000e+03
2.046000000000000000e+03 1.243000000000000000e+03
2.062000000000000000e+03 1.640000000000000000e+03
2.077000000000000000e+03 1.155000000000000000e+03
2.080000000000000000e+03 1.138000000000000000e+03
2.099000000000000000e+03 2.660000000000000000e+02
2.137000000000000000e+03 1.566000000000000000e+03
2.140000000000000000e+03 4.380000000000000000e+02
2.193000000000000000e+03 1.242000000000000000e+03
2.197000000000000000e+03 2.210000000000000000e+02
2.225000000000000000e+03 4.040000000000000000e+02
2.261000000000000000e+03 1.266000000000000000e+03
2.309000000000000000e+03 3.260000000000000000e+02
2.325000000000000000e+03 1.124000000000000000e+03
2.334000000000000000e+03 1.144000000000000000e+03
2.334000000000000000e+03 1.348000000000000000e+03
2.343000000000000000e+03 1.462000000000000000e+03
2.361000000000000000e+03 8.940000000000000000e+02
2.371000000000000000e+03 1.347000000000000000e+03
2.379000000000000000e+03 1.098000000000000000e+03
2.382000000000000000e+03 6.000000000000000000e+02
2.435000000000000000e+03 7.130000000000000000e+02
2.493000000000000000e+03 6.710000000000000000e+02
2.510000000000000000e+03 1.318000000000000000e+03
2.562000000000000000e+03 4.970000000000000000e+02
2.588000000000000000e+03 5.080000000000000000e+02
2.588000000000000000e+03 1.009000000000000000e+03
2.621000000000000000e+03 2.000000000000000000e+02
2.625000000000000000e+03 4.570000000000000000e+02
2.644000000000000000e+03 8.900000000000000000e+01
2.657000000000000000e+03 1.004000000000000000e+03
2.769000000000000000e+03 7.540000000000000000e+02
2.803000000000000000e+03 3.240000000000000000e+02
2.805000000000000000e+03 6.720000000000000000e+02
2.852000000000000000e+03 2.017000000000000000e+03
2.860000000000000000e+03 2.018000000000000000e+03
2.873000000000000000e+03 4.950000000000000000e+02
2.875000000000000000e+03 5.820000000000000000e+02
3.008000000000000000e+03 1.600000000000000000e+01
3.058000000000000000e+03 7.120000000000000000e+02
7.800000000000000000e+01 7.770000000000000000e+02
7.800000000000000000e+01 1.267000000000000000e+03
1.080000000000000000e+02 1.266000000000000000e+03
1.590000000000000000e+02 1.021000000000000000e+03
1.750000000000000000e+02 1.924000000000000000e+03
1.820000000000000000e+02 1.052000000000000000e+03
1.950000000000000000e+02 3.440000000000000000e+02
2.160000000000000000e+02 2.980000000000000000e+02
2.250000000000000000e+02 3.900000000000000000e+02
2.670000000000000000e+02 8.040000000000000000e+02
3.310000000000000000e+02 1.015000000000000000e+03
3.350000000000000000e+02 4.680000000000000000e+02
3.740000000000000000e+02 9.940000000000000000e+02
4.200000000000000000e+02 4.730000000000000000e+02
4.660000000000000000e+02 9.870000000000000000e+02
4.760000000000000000e+02 5.880000000000000000e+02
4.790000000000000000e+02 3.800000000000000000e+01
4.870000000000000000e+02 1.523000000000000000e+03
4.940000000000000000e+02 5.510000000000000000e+02
5.300000000000000000e+02 7.640000000000000000e+02
5.300000000000000000e+02 1.169000000000000000e+03
5.470000000000000000e+02 1.040000000000000000e+02
6.020000000000000000e+02 8.260000000000000000e+02
6.330000000000000000e+02 6.120000000000000000e+02
7.800000000000000000e+02 1.188000000000000000e+03
8.130000000000000000e+02 2.740000000000000000e+02
8.880000000000000000e+02 1.315000000000000000e+03
9.010000000000000000e+02 1.580000000000000000e+02
9.050000000000000000e+02 1.269000000000000000e+03
9.090000000000000000e+02 1.082000000000000000e+03
9.790000000000000000e+02 9.320000000000000000e+02
9.920000000000000000e+02 4.000000000000000000e+01
9.990000000000000000e+02 2.190000000000000000e+02
1.023000000000000000e+03 1.693000000000000000e+03
1.038000000000000000e+03 1.047000000000000000e+03
1.171000000000000000e+03 7.740000000000000000e+02
1.185000000000000000e+03 8.590000000000000000e+02
1.186000000000000000e+03 1.040000000000000000e+03
1.201000000000000000e+03 8.590000000000000000e+02
1.201000000000000000e+03 1.040000000000000000e+03
1.203000000000000000e+03 1.632000000000000000e+03
1.213000000000000000e+03 1.704000000000000000e+03
1.226000000000000000e+03 1.598000000000000000e+03
1.245000000000000000e+03 8.590000000000000000e+02
1.248000000000000000e+03 9.540000000000000000e+02
1.260000000000000000e+03 8.580000000000000000e+02
1.264000000000000000e+03 9.520000000000000000e+02
1.380000000000000000e+03 7.320000000000000000e+02
1.384000000000000000e+03 1.602000000000000000e+03
1.394000000000000000e+03 1.995000000000000000e+03
1.397000000000000000e+03 6.270000000000000000e+02
1.407000000000000000e+03 1.645000000000000000e+03
1.410000000000000000e+03 1.022000000000000000e+03
1.423000000000000000e+03 1.022000000000000000e+03
1.423000000000000000e+03 1.211000000000000000e+03
1.430000000000000000e+03 1.641000000000000000e+03
1.520000000000000000e+03 1.001000000000000000e+03
1.534000000000000000e+03 1.006000000000000000e+03
1.542000000000000000e+03 1.326000000000000000e+03
1.571000000000000000e+03 7.750000000000000000e+02
1.585000000000000000e+03 9.550000000000000000e+02
1.586000000000000000e+03 8.600000000000000000e+02
1.593000000000000000e+03 1.693000000000000000e+03
1.594000000000000000e+03 1.313000000000000000e+03
1.615000000000000000e+03 1.629000000000000000e+03
1.627000000000000000e+03 1.090000000000000000e+03
1.642000000000000000e+03 1.086000000000000000e+03
1.645000000000000000e+03 8.600000000000000000e+02
1.649000000000000000e+03 9.550000000000000000e+02
1.655000000000000000e+03 1.883000000000000000e+03
1.661000000000000000e+03 8.600000000000000000e+02
1.672000000000000000e+03 2.700000000000000000e+01
1.673000000000000000e+03 3.960000000000000000e+02
1.675000000000000000e+03 4.150000000000000000e+02
1.706000000000000000e+03 1.900000000000000000e+01
1.715000000000000000e+03 9.770000000000000000e+02
1.782000000000000000e+03 1.070000000000000000e+03
1.815000000000000000e+03 9.000000000000000000e+02
1.817000000000000000e+03 1.691000000000000000e+03
1.837000000000000000e+03 7.910000000000000000e+02
1.841000000000000000e+03 1.042000000000000000e+03
1.891000000000000000e+03 1.520000000000000000e+03
1.906000000000000000e+03 3.510000000000000000e+02
1.945000000000000000e+03 1.602000000000000000e+03
1.952000000000000000e+03 1.000000000000000000e+02
1.953000000000000000e+03 1.654000000000000000e+03
1.998000000000000000e+03 1.820000000000000000e+02
2.022000000000000000e+03 7.910000000000000000e+02
2.022000000000000000e+03 1.563000000000000000e+03
2.062000000000000000e+03 1.641000000000000000e+03
2.099000000000000000e+03 2.670000000000000000e+02
2.099000000000000000e+03 1.710000000000000000e+03
2.112000000000000000e+03 1.436000000000000000e+03
2.129000000000000000e+03 1.565000000000000000e+03
2.182000000000000000e+03 8.090000000000000000e+02
2.203000000000000000e+03 1.701000000000000000e+03
2.269000000000000000e+03 1.488000000000000000e+03
2.277000000000000000e+03 1.437000000000000000e+03
2.278000000000000000e+03 9.580000000000000000e+02
2.298000000000000000e+03 1.450000000000000000e+03
2.309000000000000000e+03 4.270000000000000000e+02
2.309000000000000000e+03 1.062000000000000000e+03
2.310000000000000000e+03 8.410000000000000000e+02
2.340000000000000000e+03 1.580000000000000000e+02
2.360000000000000000e+03 2.120000000000000000e+02
2.457000000000000000e+03 5.000000000000000000e+01
2.459000000000000000e+03 1.434000000000000000e+03
2.463000000000000000e+03 1.482000000000000000e+03
2.478000000000000000e+03 1.010000000000000000e+03
2.479000000000000000e+03 4.600000000000000000e+01
2.480000000000000000e+03 1.200000000000000000e+01
2.494000000000000000e+03 8.800000000000000000e+01
2.497000000000000000e+03 7.580000000000000000e+02
2.500000000000000000e+03 9.130000000000000000e+02
2.501000000000000000e+03 1.513000000000000000e+03
2.522000000000000000e+03 1.398000000000000000e+03
2.540000000000000000e+03 1.365000000000000000e+03
2.545000000000000000e+03 1.458000000000000000e+03
2.575000000000000000e+03 4.820000000000000000e+02
2.593000000000000000e+03 1.713000000000000000e+03
2.640000000000000000e+03 8.770000000000000000e+02
2.744000000000000000e+03 1.663000000000000000e+03
2.762000000000000000e+03 1.319000000000000000e+03
2.798000000000000000e+03 1.010000000000000000e+03
2.814000000000000000e+03 1.540000000000000000e+03
2.841000000000000000e+03 1.078000000000000000e+03
2.878000000000000000e+03 6.450000000000000000e+02
2.880000000000000000e+03 7.870000000000000000e+02
2.884000000000000000e+03 9.340000000000000000e+02
2.890000000000000000e+03 1.230000000000000000e+03
2.982000000000000000e+03 1.200000000000000000e+01
3.035000000000000000e+03 8.610000000000000000e+02
3.039000000000000000e+03 3.710000000000000000e+02
5.800000000000000000e+01 3.690000000000000000e+02
7.600000000000000000e+01 7.570000000000000000e+02
2.010000000000000000e+02 3.050000000000000000e+02
2.270000000000000000e+02 1.136000000000000000e+03
2.340000000000000000e+02 1.220000000000000000e+03
3.250000000000000000e+02 2.890000000000000000e+02
3.350000000000000000e+02 1.170000000000000000e+03
3.400000000000000000e+02 7.480000000000000000e+02
3.730000000000000000e+02 8.260000000000000000e+02
4.260000000000000000e+02 5.020000000000000000e+02
5.310000000000000000e+02 1.168000000000000000e+03
5.640000000000000000e+02 8.330000000000000000e+02
6.840000000000000000e+02 1.950000000000000000e+02
7.200000000000000000e+02 1.251000000000000000e+03
7.320000000000000000e+02 1.249000000000000000e+03
7.980000000000000000e+02 1.840000000000000000e+02
8.130000000000000000e+02 2.600000000000000000e+02
8.800000000000000000e+02 1.680000000000000000e+03
8.870000000000000000e+02 1.314000000000000000e+03
9.660000000000000000e+02 2.990000000000000000e+02
1.007000000000000000e+03 1.047000000000000000e+03
1.037000000000000000e+03 7.940000000000000000e+02
1.135000000000000000e+03 4.990000000000000000e+02
1.171000000000000000e+03 9.510000000000000000e+02
1.203000000000000000e+03 1.090000000000000000e+03
1.204000000000000000e+03 1.598000000000000000e+03
1.245000000000000000e+03 1.091000000000000000e+03
1.261000000000000000e+03 4.780000000000000000e+02
1.275000000000000000e+03 9.500000000000000000e+02
1.280000000000000000e+03 4.670000000000000000e+02
1.325000000000000000e+03 5.610000000000000000e+02
1.347000000000000000e+03 4.360000000000000000e+02
1.379000000000000000e+03 7.330000000000000000e+02
1.402000000000000000e+03 1.222000000000000000e+03
1.415000000000000000e+03 9.590000000000000000e+02
1.442000000000000000e+03 5.310000000000000000e+02
1.472000000000000000e+03 9.480000000000000000e+02
1.479000000000000000e+03 4.510000000000000000e+02
1.495000000000000000e+03 5.510000000000000000e+02
1.502000000000000000e+03 4.390000000000000000e+02
1.533000000000000000e+03 1.005000000000000000e+03
1.573000000000000000e+03 7.440000000000000000e+02
1.573000000000000000e+03 9.510000000000000000e+02
1.592000000000000000e+03 1.693000000000000000e+03
1.606000000000000000e+03 1.196000000000000000e+03
1.639000000000000000e+03 7.530000000000000000e+02
1.661000000000000000e+03 1.695000000000000000e+03
1.675000000000000000e+03 7.770000000000000000e+02
1.675000000000000000e+03 9.520000000000000000e+02
1.712000000000000000e+03 7.920000000000000000e+02
1.793000000000000000e+03 1.597000000000000000e+03
1.812000000000000000e+03 1.045000000000000000e+03
1.878000000000000000e+03 9.570000000000000000e+02
1.889000000000000000e+03 1.246000000000000000e+03
1.910000000000000000e+03 1.663000000000000000e+03
1.911000000000000000e+03 3.850000000000000000e+02
1.938000000000000000e+03 1.079000000000000000e+03
1.962000000000000000e+03 1.618000000000000000e+03
1.971000000000000000e+03 1.078000000000000000e+03
1.987000000000000000e+03 1.860000000000000000e+02
2.019000000000000000e+03 5.110000000000000000e+02
2.020000000000000000e+03 2.400000000000000000e+01
2.028000000000000000e+03 1.496000000000000000e+03
2.134000000000000000e+03 7.970000000000000000e+02
2.135000000000000000e+03 8.180000000000000000e+02
2.149000000000000000e+03 6.030000000000000000e+02
2.156000000000000000e+03 8.470000000000000000e+02
2.207000000000000000e+03 1.534000000000000000e+03
2.299000000000000000e+03 1.450000000000000000e+03
2.306000000000000000e+03 7.800000000000000000e+01
2.350000000000000000e+03 6.810000000000000000e+02
2.363000000000000000e+03 1.330000000000000000e+03
2.365000000000000000e+03 1.042000000000000000e+03
2.374000000000000000e+03 8.890000000000000000e+02
2.438000000000000000e+03 3.900000000000000000e+02
2.480000000000000000e+03 1.013000000000000000e+03
2.627000000000000000e+03 2.190000000000000000e+02
2.629000000000000000e+03 2.470000000000000000e+02
2.647000000000000000e+03 1.019000000000000000e+03
2.654000000000000000e+03 1.970000000000000000e+02
2.777000000000000000e+03 1.670000000000000000e+03
2.810000000000000000e+03 5.760000000000000000e+02
2.825000000000000000e+03 5.800000000000000000e+02
2.843000000000000000e+03 5.840000000000000000e+02
2.876000000000000000e+03 1.098000000000000000e+03
2.878000000000000000e+03 7.140000000000000000e+02
2.889000000000000000e+03 1.588000000000000000e+03
2.981000000000000000e+03 1.300000000000000000e+01
3.007000000000000000e+03 1.685000000000000000e+03
3.023000000000000000e+03 7.120000000000000000e+02
3.024000000000000000e+03 7.850000000000000000e+02
3.047000000000000000e+03 8.880000000000000000e+02
3.048000000000000000e+03 9.100000000000000000e+02
3.049000000000000000e+03 9.700000000000000000e+02
3.053000000000000000e+03 1.131000000000000000e+03
2.230000000000000000e+02 1.030000000000000000e+02
2.280000000000000000e+02 2.430000000000000000e+02
2.280000000000000000e+02 1.136000000000000000e+03
2.330000000000000000e+02 1.221000000000000000e+03
2.350000000000000000e+02 1.116000000000000000e+03
2.430000000000000000e+02 1.416000000000000000e+03
2.960000000000000000e+02 9.040000000000000000e+02
3.260000000000000000e+02 2.900000000000000000e+02
3.390000000000000000e+02 1.416000000000000000e+03
4.110000000000000000e+02 1.160000000000000000e+02
5.070000000000000000e+02 2.300000000000000000e+02
5.080000000000000000e+02 2.950000000000000000e+02
5.190000000000000000e+02 8.610000000000000000e+02
5.490000000000000000e+02 1.040000000000000000e+02
5.970000000000000000e+02 1.014000000000000000e+03
7.220000000000000000e+02 1.250000000000000000e+03
7.230000000000000000e+02 1.729000000000000000e+03
7.740000000000000000e+02 1.485000000000000000e+03
8.480000000000000000e+02 3.900000000000000000e+01
8.660000000000000000e+02 1.320000000000000000e+02
9.690000000000000000e+02 9.310000000000000000e+02
1.085000000000000000e+03 6.560000000000000000e+02
1.111000000000000000e+03 9.710000000000000000e+02
1.139000000000000000e+03 3.000000000000000000e+01
1.171000000000000000e+03 9.520000000000000000e+02
1.180000000000000000e+03 1.693000000000000000e+03
1.202000000000000000e+03 9.110000000000000000e+02
1.266000000000000000e+03 7.520000000000000000e+02
1.275000000000000000e+03 8.630000000000000000e+02
1.276000000000000000e+03 7.760000000000000000e+02
1.292000000000000000e+03 1.044000000000000000e+03
1.295000000000000000e+03 1.093000000000000000e+03
1.375000000000000000e+03 1.000000000000000000e+03
1.392000000000000000e+03 1.924000000000000000e+03
1.435000000000000000e+03 9.650000000000000000e+02
1.474000000000000000e+03 9.830000000000000000e+02
1.476000000000000000e+03 5.430000000000000000e+02
1.573000000000000000e+03 9.520000000000000000e+02
1.602000000000000000e+03 9.120000000000000000e+02
1.604000000000000000e+03 1.267000000000000000e+03
1.605000000000000000e+03 1.089000000000000000e+03
1.606000000000000000e+03 7.520000000000000000e+02
1.607000000000000000e+03 9.350000000000000000e+02
1.647000000000000000e+03 9.130000000000000000e+02
1.677000000000000000e+03 1.043000000000000000e+03
1.716000000000000000e+03 4.000000000000000000e+01
1.765000000000000000e+03 6.470000000000000000e+02
1.774000000000000000e+03 9.570000000000000000e+02
1.817000000000000000e+03 3.960000000000000000e+02
1.832000000000000000e+03 1.625000000000000000e+03
1.846000000000000000e+03 3.710000000000000000e+02
1.878000000000000000e+03 9.580000000000000000e+02
1.890000000000000000e+03 1.585000000000000000e+03
1.892000000000000000e+03 1.521000000000000000e+03
1.902000000000000000e+03 1.560000000000000000e+03
1.902000000000000000e+03 1.587000000000000000e+03
1.931000000000000000e+03 1.823000000000000000e+03
1.947000000000000000e+03 1.760000000000000000e+02
1.954000000000000000e+03 1.604000000000000000e+03
1.962000000000000000e+03 3.220000000000000000e+02
2.013000000000000000e+03 1.639000000000000000e+03
2.014000000000000000e+03 1.564000000000000000e+03
2.028000000000000000e+03 1.497000000000000000e+03
2.040000000000000000e+03 1.009000000000000000e+03
2.060000000000000000e+03 1.526000000000000000e+03
2.082000000000000000e+03 5.940000000000000000e+02
2.118000000000000000e+03 8.160000000000000000e+02
2.176000000000000000e+03 1.526000000000000000e+03
2.177000000000000000e+03 1.473000000000000000e+03
2.183000000000000000e+03 1.548000000000000000e+03
2.320000000000000000e+03 1.322000000000000000e+03
2.333000000000000000e+03 3.150000000000000000e+02
2.346000000000000000e+03 1.526000000000000000e+03
2.456000000000000000e+03 7.860000000000000000e+02
2.458000000000000000e+03 1.435000000000000000e+03
2.480000000000000000e+03 1.014000000000000000e+03
2.509000000000000000e+03 1.282000000000000000e+03
2.541000000000000000e+03 1.367000000000000000e+03
2.541000000000000000e+03 1.386000000000000000e+03
2.576000000000000000e+03 1.245000000000000000e+03
2.655000000000000000e+03 1.980000000000000000e+02
2.699000000000000000e+03 1.357000000000000000e+03
2.778000000000000000e+03 1.668000000000000000e+03
2.873000000000000000e+03 4.570000000000000000e+02
2.882000000000000000e+03 8.590000000000000000e+02
2.884000000000000000e+03 8.130000000000000000e+02
2.888000000000000000e+03 1.587000000000000000e+03
2.902000000000000000e+03 1.644000000000000000e+03
2.915000000000000000e+03 1.107000000000000000e+03
3.052000000000000000e+03 1.207000000000000000e+03
1.140000000000000000e+02 1.415000000000000000e+03
1.230000000000000000e+02 6.980000000000000000e+02
2.020000000000000000e+02 3.330000000000000000e+02
2.150000000000000000e+02 1.124000000000000000e+03
2.350000000000000000e+02 1.114000000000000000e+03
2.790000000000000000e+02 1.110000000000000000e+03
3.040000000000000000e+02 1.254000000000000000e+03
3.840000000000000000e+02 5.860000000000000000e+02
4.750000000000000000e+02 1.620000000000000000e+03
5.100000000000000000e+02 1.900000000000000000e+02
5.150000000000000000e+02 8.430000000000000000e+02
5.180000000000000000e+02 8.630000000000000000e+02
6.150000000000000000e+02 4.080000000000000000e+02
6.250000000000000000e+02 4.250000000000000000e+02
6.840000000000000000e+02 1.940000000000000000e+02
7.280000000000000000e+02 8.020000000000000000e+02
7.520000000000000000e+02 1.094000000000000000e+03
8.200000000000000000e+02 1.010000000000000000e+03
8.270000000000000000e+02 1.910000000000000000e+02
8.500000000000000000e+02 4.000000000000000000e+01
8.550000000000000000e+02 5.070000000000000000e+02
9.350000000000000000e+02 3.580000000000000000e+02
9.890000000000000000e+02 1.100000000000000000e+02
1.026000000000000000e+03 1.980000000000000000e+02
1.106000000000000000e+03 1.196000000000000000e+03
1.110000000000000000e+03 9.720000000000000000e+02
1.183000000000000000e+03 9.560000000000000000e+02
1.234000000000000000e+03 8.610000000000000000e+02
1.235000000000000000e+03 1.043000000000000000e+03
1.247000000000000000e+03 9.130000000000000000e+02
1.303000000000000000e+03 1.092000000000000000e+03
1.393000000000000000e+03 1.923000000000000000e+03
1.435000000000000000e+03 9.640000000000000000e+02
1.509000000000000000e+03 6.200000000000000000e+01
1.538000000000000000e+03 1.922000000000000000e+03
1.560000000000000000e+03 8.600000000000000000e+02
1.676000000000000000e+03 8.670000000000000000e+02
1.741000000000000000e+03 1.192000000000000000e+03
1.777000000000000000e+03 9.320000000000000000e+02
1.818000000000000000e+03 3.950000000000000000e+02
1.889000000000000000e+03 1.585000000000000000e+03
1.907000000000000000e+03 1.525000000000000000e+03
1.919000000000000000e+03 3.600000000000000000e+02
2.012000000000000000e+03 1.564000000000000000e+03
2.026000000000000000e+03 1.008000000000000000e+03
2.037000000000000000e+03 2.330000000000000000e+02
2.053000000000000000e+03 7.710000000000000000e+02
2.099000000000000000e+03 1.711000000000000000e+03
2.156000000000000000e+03 1.096000000000000000e+03
2.172000000000000000e+03 1.300000000000000000e+01
2.236000000000000000e+03 7.510000000000000000e+02
2.239000000000000000e+03 1.231000000000000000e+03
2.241000000000000000e+03 7.010000000000000000e+02
2.320000000000000000e+03 1.192000000000000000e+03
2.455000000000000000e+03 7.850000000000000000e+02
2.481000000000000000e+03 1.017000000000000000e+03
2.487000000000000000e+03 2.610000000000000000e+02
2.637000000000000000e+03 1.152000000000000000e+03
2.778000000000000000e+03 1.667000000000000000e+03
2.796000000000000000e+03 9.120000000000000000e+02
2.815000000000000000e+03 8.060000000000000000e+02
2.841000000000000000e+03 1.665000000000000000e+03
2.858000000000000000e+03 1.108000000000000000e+03
2.886000000000000000e+03 1.585000000000000000e+03
2.902000000000000000e+03 1.646000000000000000e+03
1.900000000000000000e+02 4.960000000000000000e+02
2.750000000000000000e+02 2.200000000000000000e+02
2.760000000000000000e+02 7.920000000000000000e+02
3.300000000000000000e+02 7.760000000000000000e+02
8.200000000000000000e+02 1.011000000000000000e+03
8.970000000000000000e+02 1.300000000000000000e+02
9.890000000000000000e+02 1.110000000000000000e+02
1.107000000000000000e+03 1.196000000000000000e+03
1.246000000000000000e+03 1.197000000000000000e+03
1.304000000000000000e+03 1.091000000000000000e+03
1.317000000000000000e+03 1.014000000000000000e+03
1.361000000000000000e+03 6.800000000000000000e+02
1.400000000000000000e+03 1.012000000000000000e+03
1.408000000000000000e+03 4.030000000000000000e+02
1.473000000000000000e+03 9.880000000000000000e+02
1.489000000000000000e+03 4.430000000000000000e+02
1.493000000000000000e+03 9.550000000000000000e+02
1.557000000000000000e+03 1.025000000000000000e+03
1.720000000000000000e+03 6.800000000000000000e+02
1.727000000000000000e+03 9.710000000000000000e+02
1.777000000000000000e+03 9.340000000000000000e+02
1.998000000000000000e+03 1.633000000000000000e+03
2.025000000000000000e+03 1.009000000000000000e+03
2.105000000000000000e+03 8.290000000000000000e+02
2.140000000000000000e+03 1.070000000000000000e+03
2.229000000000000000e+03 3.990000000000000000e+02
2.263000000000000000e+03 3.980000000000000000e+02
2.289000000000000000e+03 1.405000000000000000e+03
2.433000000000000000e+03 3.880000000000000000e+02
2.486000000000000000e+03 2.000000000000000000e+02
2.635000000000000000e+03 6.090000000000000000e+02
2.653000000000000000e+03 7.900000000000000000e+02
2.818000000000000000e+03 3.360000000000000000e+02
2.867000000000000000e+03 2.420000000000000000e+02
2.884000000000000000e+03 1.584000000000000000e+03
3.055000000000000000e+03 6.400000000000000000e+02
3.300000000000000000e+02 7.750000000000000000e+02
4.600000000000000000e+02 8.960000000000000000e+02
7.440000000000000000e+02 7.920000000000000000e+02
8.390000000000000000e+02 1.288000000000000000e+03
8.770000000000000000e+02 5.880000000000000000e+02
9.520000000000000000e+02 8.480000000000000000e+02
1.206000000000000000e+03 7.610000000000000000e+02
1.238000000000000000e+03 7.610000000000000000e+02
1.303000000000000000e+03 6.170000000000000000e+02
1.362000000000000000e+03 9.600000000000000000e+02
1.365000000000000000e+03 6.720000000000000000e+02
1.365000000000000000e+03 1.031000000000000000e+03
1.526000000000000000e+03 9.890000000000000000e+02
1.604000000000000000e+03 7.650000000000000000e+02
1.677000000000000000e+03 8.680000000000000000e+02
1.812000000000000000e+03 8.350000000000000000e+02
1.814000000000000000e+03 1.686000000000000000e+03
2.077000000000000000e+03 3.410000000000000000e+02
2.087000000000000000e+03 1.065000000000000000e+03
2.232000000000000000e+03 3.960000000000000000e+02
2.258000000000000000e+03 5.880000000000000000e+02
2.372000000000000000e+03 6.780000000000000000e+02
2.537000000000000000e+03 4.190000000000000000e+02
2.698000000000000000e+03 1.390000000000000000e+03
2.820000000000000000e+03 3.340000000000000000e+02
2.830000000000000000e+03 7.640000000000000000e+02
2.830000000000000000e+03 1.616000000000000000e+03
2.882000000000000000e+03 1.583000000000000000e+03
2.310000000000000000e+02 1.201000000000000000e+03
2.330000000000000000e+02 1.135000000000000000e+03
2.740000000000000000e+02 2.220000000000000000e+02
2.770000000000000000e+02 7.910000000000000000e+02
2.800000000000000000e+02 1.201000000000000000e+03
2.830000000000000000e+02 1.135000000000000000e+03
5.300000000000000000e+02 1.637000000000000000e+03
5.320000000000000000e+02 6.920000000000000000e+02
6.200000000000000000e+02 4.100000000000000000e+02
7.330000000000000000e+02 1.726000000000000000e+03
7.440000000000000000e+02 1.382000000000000000e+03
8.110000000000000000e+02 2.640000000000000000e+02
8.960000000000000000e+02 1.280000000000000000e+02
9.250000000000000000e+02 1.363000000000000000e+03
1.236000000000000000e+03 7.600000000000000000e+02
1.260000000000000000e+03 4.140000000000000000e+02
1.317000000000000000e+03 1.014000000000000000e+03
1.394000000000000000e+03 1.923000000000000000e+03
1.408000000000000000e+03 4.500000000000000000e+01
1.413000000000000000e+03 1.222000000000000000e+03
1.444000000000000000e+03 4.400000000000000000e+01
1.448000000000000000e+03 4.050000000000000000e+02
1.448000000000000000e+03 1.003000000000000000e+03
1.448000000000000000e+03 1.920000000000000000e+03
1.483000000000000000e+03 8.170000000000000000e+02
1.483000000000000000e+03 1.921000000000000000e+03
1.525000000000000000e+03 9.890000000000000000e+02
1.538000000000000000e+03 1.922000000000000000e+03
1.556000000000000000e+03 1.023000000000000000e+03
1.589000000000000000e+03 1.237000000000000000e+03
1.607000000000000000e+03 7.630000000000000000e+02
1.637000000000000000e+03 7.620000000000000000e+02
1.669000000000000000e+03 2.240000000000000000e+02
1.704000000000000000e+03 3.400000000000000000e+01
1.748000000000000000e+03 9.500000000000000000e+01
1.798000000000000000e+03 7.580000000000000000e+02
1.837000000000000000e+03 7.520000000000000000e+02
1.861000000000000000e+03 9.830000000000000000e+02
1.932000000000000000e+03 1.028000000000000000e+03
1.956000000000000000e+03 6.130000000000000000e+02
1.958000000000000000e+03 1.365000000000000000e+03
1.959000000000000000e+03 1.032000000000000000e+03
1.964000000000000000e+03 1.649000000000000000e+03
1.999000000000000000e+03 1.284000000000000000e+03
2.088000000000000000e+03 1.067000000000000000e+03
2.095000000000000000e+03 1.709000000000000000e+03
2.153000000000000000e+03 8.800000000000000000e+02
2.193000000000000000e+03 1.133000000000000000e+03
2.239000000000000000e+03 1.230000000000000000e+03
2.279000000000000000e+03 9.080000000000000000e+02
2.296000000000000000e+03 1.315000000000000000e+03
2.337000000000000000e+03 8.360000000000000000e+02
2.375000000000000000e+03 6.780000000000000000e+02
2.485000000000000000e+03 1.980000000000000000e+02
2.625000000000000000e+03 2.030000000000000000e+02
2.636000000000000000e+03 1.151000000000000000e+03
2.653000000000000000e+03 1.004000000000000000e+03
2.680000000000000000e+03 1.519000000000000000e+03
2.782000000000000000e+03 3.520000000000000000e+02
2.795000000000000000e+03 8.140000000000000000e+02
2.796000000000000000e+03 9.110000000000000000e+02
2.801000000000000000e+03 1.126000000000000000e+03
2.803000000000000000e+03 1.652000000000000000e+03
2.809000000000000000e+03 1.176000000000000000e+03
2.811000000000000000e+03 1.304000000000000000e+03
2.812000000000000000e+03 1.626000000000000000e+03
2.813000000000000000e+03 1.396000000000000000e+03
2.819000000000000000e+03 2.640000000000000000e+02
2.822000000000000000e+03 3.290000000000000000e+02
2.822000000000000000e+03 1.248000000000000000e+03
2.839000000000000000e+03 1.659000000000000000e+03
2.858000000000000000e+03 1.109000000000000000e+03
2.863000000000000000e+03 2.090000000000000000e+02
2.881000000000000000e+03 1.583000000000000000e+03
2.975000000000000000e+03 4.530000000000000000e+02
3.026000000000000000e+03 3.620000000000000000e+02
