1.200000000000000000e+01 1.601000000000000000e+03
3.400000000000000000e+01 1.600000000000000000e+03
6.400000000000000000e+01 1.595000000000000000e+03
8.100000000000000000e+01 1.516000000000000000e+03
9.100000000000000000e+01 1.320000000000000000e+03
9.600000000000000000e+01 1.650000000000000000e+03
1.140000000000000000e+02 1.596000000000000000e+03
1.150000000000000000e+02 1.522000000000000000e+03
1.280000000000000000e+02 1.447000000000000000e+03
1.390000000000000000e+02 1.379000000000000000e+03
1.490000000000000000e+02 1.377000000000000000e+03
1.500000000000000000e+02 1.027000000000000000e+03
1.560000000000000000e+02 1.029000000000000000e+03
1.590000000000000000e+02 1.921000000000000000e+03
1.610000000000000000e+02 1.027000000000000000e+03
1.680000000000000000e+02 1.920000000000000000e+03
2.010000000000000000e+02 1.695000000000000000e+03
2.020000000000000000e+02 1.609000000000000000e+03
2.500000000000000000e+02 1.377000000000000000e+03
2.570000000000000000e+02 7.970000000000000000e+02
2.590000000000000000e+02 6.520000000000000000e+02
2.900000000000000000e+02 1.026000000000000000e+03
2.920000000000000000e+02 3.080000000000000000e+02
3.040000000000000000e+02 3.070000000000000000e+02
3.080000000000000000e+02 6.830000000000000000e+02
3.260000000000000000e+02 1.194000000000000000e+03
3.310000000000000000e+02 1.117000000000000000e+03
3.330000000000000000e+02 1.208000000000000000e+03
3.360000000000000000e+02 1.124000000000000000e+03
3.370000000000000000e+02 1.189000000000000000e+03
3.390000000000000000e+02 1.128000000000000000e+03
3.420000000000000000e+02 2.000000000000000000e+02
3.420000000000000000e+02 3.780000000000000000e+02
3.450000000000000000e+02 2.670000000000000000e+02
3.450000000000000000e+02 1.182000000000000000e+03
3.480000000000000000e+02 8.530000000000000000e+02
3.500000000000000000e+02 1.115000000000000000e+03
3.530000000000000000e+02 1.175000000000000000e+03
3.610000000000000000e+02 1.160000000000000000e+03
3.670000000000000000e+02 1.160000000000000000e+03
3.710000000000000000e+02 3.770000000000000000e+02
3.800000000000000000e+02 1.208000000000000000e+03
3.820000000000000000e+02 1.112000000000000000e+03
3.830000000000000000e+02 3.360000000000000000e+02
3.840000000000000000e+02 1.105000000000000000e+03
3.900000000000000000e+02 1.107000000000000000e+03
3.900000000000000000e+02 1.121000000000000000e+03
3.900000000000000000e+02 1.162000000000000000e+03
3.910000000000000000e+02 1.147000000000000000e+03
3.950000000000000000e+02 1.129000000000000000e+03
3.950000000000000000e+02 1.654000000000000000e+03
4.000000000000000000e+02 1.400000000000000000e+01
4.030000000000000000e+02 2.300000000000000000e+02
4.130000000000000000e+02 1.240000000000000000e+03
4.900000000000000000e+02 2.060000000000000000e+02
4.910000000000000000e+02 9.890000000000000000e+02
5.350000000000000000e+02 1.583000000000000000e+03
5.810000000000000000e+02 1.247000000000000000e+03
5.860000000000000000e+02 7.700000000000000000e+01
6.100000000000000000e+02 5.590000000000000000e+02
6.200000000000000000e+02 1.238000000000000000e+03
6.250000000000000000e+02 1.238000000000000000e+03
6.450000000000000000e+02 1.215000000000000000e+03
6.490000000000000000e+02 1.268000000000000000e+03
6.580000000000000000e+02 3.600000000000000000e+02
6.590000000000000000e+02 2.500000000000000000e+01
6.710000000000000000e+02 5.480000000000000000e+02
7.180000000000000000e+02 4.640000000000000000e+02
7.260000000000000000e+02 5.470000000000000000e+02
7.420000000000000000e+02 1.560000000000000000e+02
7.540000000000000000e+02 4.320000000000000000e+02
7.610000000000000000e+02 4.510000000000000000e+02
7.630000000000000000e+02 5.500000000000000000e+02
7.650000000000000000e+02 4.520000000000000000e+02
7.650000000000000000e+02 6.250000000000000000e+02
7.870000000000000000e+02 5.640000000000000000e+02
7.990000000000000000e+02 3.860000000000000000e+02
8.110000000000000000e+02 6.300000000000000000e+02
8.260000000000000000e+02 4.670000000000000000e+02
8.310000000000000000e+02 6.000000000000000000e+01
8.470000000000000000e+02 1.237000000000000000e+03
8.480000000000000000e+02 1.280000000000000000e+03
8.520000000000000000e+02 1.216000000000000000e+03
8.540000000000000000e+02 1.272000000000000000e+03
9.110000000000000000e+02 3.890000000000000000e+02
9.210000000000000000e+02 1.843000000000000000e+03
9.270000000000000000e+02 3.900000000000000000e+02
9.290000000000000000e+02 1.841000000000000000e+03
9.440000000000000000e+02 3.480000000000000000e+02
9.500000000000000000e+02 3.480000000000000000e+02
9.510000000000000000e+02 1.505000000000000000e+03
9.540000000000000000e+02 1.640000000000000000e+03
9.630000000000000000e+02 1.890000000000000000e+02
9.770000000000000000e+02 1.217000000000000000e+03
9.780000000000000000e+02 2.020000000000000000e+02
1.005000000000000000e+03 8.250000000000000000e+02
1.006000000000000000e+03 1.030000000000000000e+02
1.007000000000000000e+03 6.710000000000000000e+02
1.008000000000000000e+03 1.310000000000000000e+02
1.021000000000000000e+03 2.470000000000000000e+02
1.022000000000000000e+03 5.000000000000000000e+00
1.040000000000000000e+03 9.400000000000000000e+02
1.055000000000000000e+03 1.281000000000000000e+03
1.061000000000000000e+03 1.218000000000000000e+03
1.064000000000000000e+03 8.700000000000000000e+01
1.068000000000000000e+03 5.900000000000000000e+01
1.077000000000000000e+03 1.884000000000000000e+03
1.079000000000000000e+03 1.891000000000000000e+03
1.104000000000000000e+03 1.200000000000000000e+02
1.120000000000000000e+03 3.620000000000000000e+02
1.137000000000000000e+03 1.616000000000000000e+03
1.150000000000000000e+03 3.740000000000000000e+02
1.150000000000000000e+03 1.879000000000000000e+03
1.154000000000000000e+03 3.670000000000000000e+02
1.155000000000000000e+03 1.882000000000000000e+03
1.160000000000000000e+03 3.680000000000000000e+02
1.192000000000000000e+03 1.283000000000000000e+03
1.202000000000000000e+03 3.100000000000000000e+01
1.209000000000000000e+03 3.510000000000000000e+02
1.227000000000000000e+03 1.876000000000000000e+03
1.280000000000000000e+03 7.800000000000000000e+02
1.287000000000000000e+03 1.050000000000000000e+02
1.300000000000000000e+03 7.520000000000000000e+02
1.302000000000000000e+03 1.070000000000000000e+02
1.304000000000000000e+03 1.007000000000000000e+03
1.308000000000000000e+03 9.640000000000000000e+02
1.310000000000000000e+03 1.008000000000000000e+03
1.323000000000000000e+03 6.830000000000000000e+02
1.325000000000000000e+03 9.510000000000000000e+02
1.334000000000000000e+03 5.370000000000000000e+02
1.336000000000000000e+03 7.740000000000000000e+02
1.336000000000000000e+03 9.610000000000000000e+02
1.336000000000000000e+03 9.660000000000000000e+02
1.337000000000000000e+03 6.830000000000000000e+02
1.337000000000000000e+03 1.209000000000000000e+03
1.344000000000000000e+03 6.850000000000000000e+02
1.345000000000000000e+03 7.650000000000000000e+02
1.346000000000000000e+03 9.920000000000000000e+02
1.352000000000000000e+03 7.660000000000000000e+02
1.354000000000000000e+03 9.690000000000000000e+02
1.355000000000000000e+03 7.580000000000000000e+02
1.364000000000000000e+03 9.850000000000000000e+02
1.366000000000000000e+03 1.011000000000000000e+03
1.372000000000000000e+03 8.510000000000000000e+02
1.373000000000000000e+03 9.910000000000000000e+02
1.374000000000000000e+03 5.320000000000000000e+02
1.376000000000000000e+03 9.070000000000000000e+02
1.376000000000000000e+03 9.190000000000000000e+02
1.378000000000000000e+03 9.370000000000000000e+02
1.382000000000000000e+03 8.670000000000000000e+02
1.383000000000000000e+03 9.110000000000000000e+02
1.392000000000000000e+03 8.670000000000000000e+02
1.397000000000000000e+03 5.350000000000000000e+02
1.398000000000000000e+03 1.010000000000000000e+02
1.398000000000000000e+03 8.670000000000000000e+02
1.401000000000000000e+03 6.560000000000000000e+02
1.402000000000000000e+03 1.016000000000000000e+03
1.405000000000000000e+03 1.022000000000000000e+03
1.412000000000000000e+03 8.460000000000000000e+02
1.413000000000000000e+03 8.270000000000000000e+02
1.429000000000000000e+03 1.013000000000000000e+03
1.433000000000000000e+03 9.970000000000000000e+02
1.439000000000000000e+03 1.014000000000000000e+03
1.445000000000000000e+03 9.920000000000000000e+02
1.449000000000000000e+03 1.035000000000000000e+03
1.450000000000000000e+03 1.016000000000000000e+03
1.453000000000000000e+03 1.025000000000000000e+03
1.463000000000000000e+03 1.041000000000000000e+03
1.471000000000000000e+03 1.031000000000000000e+03
1.472000000000000000e+03 2.013000000000000000e+03
1.474000000000000000e+03 5.490000000000000000e+02
1.474000000000000000e+03 1.048000000000000000e+03
1.479000000000000000e+03 1.043000000000000000e+03
1.483000000000000000e+03 1.032000000000000000e+03
1.493000000000000000e+03 1.220000000000000000e+03
1.505000000000000000e+03 3.450000000000000000e+02
1.516000000000000000e+03 3.600000000000000000e+02
1.537000000000000000e+03 3.920000000000000000e+02
1.547000000000000000e+03 3.510000000000000000e+02
1.553000000000000000e+03 3.530000000000000000e+02
1.559000000000000000e+03 3.420000000000000000e+02
1.591000000000000000e+03 4.460000000000000000e+02
1.605000000000000000e+03 3.350000000000000000e+02
1.607000000000000000e+03 3.590000000000000000e+02
1.609000000000000000e+03 3.560000000000000000e+02
1.622000000000000000e+03 4.400000000000000000e+01
1.701000000000000000e+03 1.612000000000000000e+03
1.705000000000000000e+03 8.000000000000000000e+00
1.713000000000000000e+03 1.594000000000000000e+03
1.714000000000000000e+03 1.288000000000000000e+03
1.719000000000000000e+03 3.900000000000000000e+01
1.719000000000000000e+03 1.222000000000000000e+03
1.721000000000000000e+03 1.312000000000000000e+03
1.732000000000000000e+03 1.567000000000000000e+03
1.750000000000000000e+03 6.400000000000000000e+02
1.765000000000000000e+03 9.490000000000000000e+02
1.786000000000000000e+03 1.358000000000000000e+03
1.790000000000000000e+03 9.000000000000000000e+02
1.800000000000000000e+03 1.920000000000000000e+02
1.848000000000000000e+03 1.590000000000000000e+02
1.858000000000000000e+03 4.500000000000000000e+01
1.858000000000000000e+03 5.700000000000000000e+01
1.880000000000000000e+03 8.000000000000000000e+01
1.891000000000000000e+03 8.200000000000000000e+01
1.900000000000000000e+03 1.220000000000000000e+02
1.914000000000000000e+03 5.020000000000000000e+02
1.917000000000000000e+03 1.180000000000000000e+02
1.928000000000000000e+03 1.450000000000000000e+02
1.949000000000000000e+03 1.291000000000000000e+03
1.953000000000000000e+03 1.160000000000000000e+02
1.955000000000000000e+03 1.224000000000000000e+03
1.961000000000000000e+03 6.920000000000000000e+02
1.970000000000000000e+03 1.737000000000000000e+03
1.974000000000000000e+03 4.600000000000000000e+02
1.986000000000000000e+03 2.860000000000000000e+02
2.005000000000000000e+03 1.139000000000000000e+03
2.010000000000000000e+03 1.533000000000000000e+03
2.025000000000000000e+03 1.730000000000000000e+02
2.031000000000000000e+03 1.068000000000000000e+03
2.031000000000000000e+03 1.084000000000000000e+03
2.036000000000000000e+03 5.090000000000000000e+02
2.043000000000000000e+03 9.000000000000000000e+01
2.054000000000000000e+03 5.040000000000000000e+02
2.060000000000000000e+03 4.770000000000000000e+02
2.065000000000000000e+03 1.690000000000000000e+02
2.095000000000000000e+03 1.224000000000000000e+03
2.153000000000000000e+03 1.816000000000000000e+03
2.154000000000000000e+03 2.160000000000000000e+02
2.191000000000000000e+03 1.414000000000000000e+03
2.193000000000000000e+03 8.000000000000000000e+02
2.227000000000000000e+03 9.410000000000000000e+02
2.241000000000000000e+03 5.850000000000000000e+02
2.242000000000000000e+03 1.274000000000000000e+03
2.246000000000000000e+03 5.850000000000000000e+02
2.247000000000000000e+03 1.901000000000000000e+03
2.260000000000000000e+03 1.472000000000000000e+03
2.268000000000000000e+03 1.416000000000000000e+03
2.270000000000000000e+03 1.334000000000000000e+03
2.271000000000000000e+03 1.256000000000000000e+03
2.273000000000000000e+03 2.650000000000000000e+02
2.273000000000000000e+03 3.710000000000000000e+02
2.276000000000000000e+03 3.820000000000000000e+02
2.278000000000000000e+03 1.326000000000000000e+03
2.287000000000000000e+03 1.416000000000000000e+03
2.294000000000000000e+03 3.030000000000000000e+02
2.297000000000000000e+03 4.890000000000000000e+02
2.306000000000000000e+03 8.600000000000000000e+02
2.310000000000000000e+03 2.790000000000000000e+02
2.314000000000000000e+03 1.188000000000000000e+03
2.322000000000000000e+03 4.800000000000000000e+02
2.324000000000000000e+03 1.243000000000000000e+03
2.341000000000000000e+03 2.810000000000000000e+02
2.344000000000000000e+03 4.880000000000000000e+02
2.348000000000000000e+03 1.000000000000000000e+03
2.358000000000000000e+03 9.950000000000000000e+02
2.371000000000000000e+03 5.830000000000000000e+02
2.394000000000000000e+03 9.910000000000000000e+02
2.416000000000000000e+03 1.226000000000000000e+03
2.419000000000000000e+03 6.900000000000000000e+02
2.423000000000000000e+03 1.192000000000000000e+03
2.425000000000000000e+03 1.185000000000000000e+03
2.426000000000000000e+03 6.960000000000000000e+02
2.438000000000000000e+03 9.040000000000000000e+02
2.475000000000000000e+03 1.400000000000000000e+01
2.476000000000000000e+03 9.990000000000000000e+02
2.481000000000000000e+03 1.782000000000000000e+03
2.488000000000000000e+03 1.784000000000000000e+03
2.494000000000000000e+03 1.341000000000000000e+03
2.495000000000000000e+03 1.539000000000000000e+03
2.507000000000000000e+03 1.021000000000000000e+03
2.515000000000000000e+03 1.744000000000000000e+03
2.541000000000000000e+03 1.260000000000000000e+02
2.550000000000000000e+03 1.088000000000000000e+03
2.558000000000000000e+03 3.700000000000000000e+02
2.561000000000000000e+03 4.780000000000000000e+02
2.626000000000000000e+03 1.554000000000000000e+03
2.680000000000000000e+03 1.390000000000000000e+02
2.683000000000000000e+03 1.413000000000000000e+03
2.693000000000000000e+03 1.543000000000000000e+03
2.730000000000000000e+03 1.338000000000000000e+03
2.741000000000000000e+03 3.450000000000000000e+02
2.753000000000000000e+03 1.703000000000000000e+03
2.756000000000000000e+03 1.650000000000000000e+03
2.772000000000000000e+03 1.424000000000000000e+03
2.776000000000000000e+03 1.643000000000000000e+03
2.776000000000000000e+03 1.710000000000000000e+03
2.781000000000000000e+03 8.790000000000000000e+02
2.786000000000000000e+03 1.717000000000000000e+03
2.787000000000000000e+03 6.550000000000000000e+02
2.790000000000000000e+03 1.650000000000000000e+03
2.798000000000000000e+03 7.240000000000000000e+02
2.798000000000000000e+03 1.715000000000000000e+03
2.806000000000000000e+03 9.670000000000000000e+02
2.811000000000000000e+03 1.706000000000000000e+03
2.812000000000000000e+03 1.190000000000000000e+02
2.818000000000000000e+03 3.600000000000000000e+01
2.818000000000000000e+03 2.330000000000000000e+02
2.824000000000000000e+03 3.130000000000000000e+02
2.824000000000000000e+03 1.683000000000000000e+03
2.826000000000000000e+03 1.677000000000000000e+03
2.827000000000000000e+03 3.540000000000000000e+02
2.827000000000000000e+03 1.686000000000000000e+03
2.829000000000000000e+03 1.675000000000000000e+03
2.830000000000000000e+03 1.682000000000000000e+03
2.834000000000000000e+03 3.700000000000000000e+02
2.835000000000000000e+03 1.675000000000000000e+03
2.837000000000000000e+03 9.800000000000000000e+02
2.840000000000000000e+03 9.250000000000000000e+02
2.843000000000000000e+03 2.810000000000000000e+02
2.844000000000000000e+03 1.545000000000000000e+03
2.845000000000000000e+03 1.361000000000000000e+03
2.848000000000000000e+03 1.421000000000000000e+03
2.849000000000000000e+03 7.660000000000000000e+02
2.850000000000000000e+03 1.546000000000000000e+03
2.851000000000000000e+03 3.890000000000000000e+02
2.851000000000000000e+03 4.910000000000000000e+02
2.852000000000000000e+03 2.810000000000000000e+02
2.853000000000000000e+03 3.100000000000000000e+02
2.854000000000000000e+03 1.224000000000000000e+03
2.856000000000000000e+03 4.960000000000000000e+02
2.856000000000000000e+03 1.649000000000000000e+03
2.857000000000000000e+03 5.270000000000000000e+02
2.858000000000000000e+03 8.670000000000000000e+02
2.861000000000000000e+03 9.340000000000000000e+02
2.861000000000000000e+03 9.570000000000000000e+02
2.865000000000000000e+03 2.800000000000000000e+02
2.867000000000000000e+03 1.184000000000000000e+03
2.873000000000000000e+03 1.565000000000000000e+03
2.875000000000000000e+03 1.094000000000000000e+03
2.876000000000000000e+03 1.186000000000000000e+03
2.876000000000000000e+03 1.722000000000000000e+03
2.880000000000000000e+03 2.190000000000000000e+02
2.881000000000000000e+03 7.620000000000000000e+02
2.886000000000000000e+03 1.707000000000000000e+03
2.889000000000000000e+03 7.180000000000000000e+02
2.891000000000000000e+03 6.060000000000000000e+02
2.895000000000000000e+03 1.096000000000000000e+03
2.899000000000000000e+03 1.449000000000000000e+03
2.901000000000000000e+03 6.370000000000000000e+02
2.902000000000000000e+03 1.538000000000000000e+03
2.904000000000000000e+03 1.713000000000000000e+03
2.910000000000000000e+03 1.000000000000000000e+03
2.914000000000000000e+03 9.060000000000000000e+02
2.928000000000000000e+03 8.570000000000000000e+02
2.931000000000000000e+03 8.650000000000000000e+02
2.932000000000000000e+03 8.620000000000000000e+02
2.933000000000000000e+03 7.470000000000000000e+02
2.936000000000000000e+03 8.660000000000000000e+02
2.937000000000000000e+03 7.220000000000000000e+02
2.938000000000000000e+03 1.550000000000000000e+02
2.943000000000000000e+03 7.820000000000000000e+02
2.950000000000000000e+03 7.020000000000000000e+02
2.950000000000000000e+03 7.420000000000000000e+02
2.951000000000000000e+03 7.310000000000000000e+02
2.958000000000000000e+03 8.860000000000000000e+02
2.960000000000000000e+03 7.030000000000000000e+02
2.962000000000000000e+03 7.300000000000000000e+02
2.964000000000000000e+03 8.950000000000000000e+02
2.966000000000000000e+03 3.000000000000000000e+02
2.967000000000000000e+03 8.850000000000000000e+02
2.972000000000000000e+03 8.910000000000000000e+02
2.974000000000000000e+03 8.800000000000000000e+02
2.975000000000000000e+03 7.200000000000000000e+02
2.976000000000000000e+03 1.677000000000000000e+03
2.984000000000000000e+03 8.950000000000000000e+02
2.992000000000000000e+03 8.600000000000000000e+02
2.993000000000000000e+03 8.630000000000000000e+02
3.006000000000000000e+03 7.520000000000000000e+02
3.015000000000000000e+03 9.910000000000000000e+02
3.021000000000000000e+03 1.405000000000000000e+03
3.026000000000000000e+03 9.040000000000000000e+02
3.030000000000000000e+03 1.090000000000000000e+03
3.033000000000000000e+03 1.279000000000000000e+03
3.035000000000000000e+03 7.540000000000000000e+02
3.055000000000000000e+03 1.980000000000000000e+02
3.068000000000000000e+03 2.040000000000000000e+02
3.069000000000000000e+03 2.570000000000000000e+02
6.000000000000000000e+01 1.816000000000000000e+03
6.400000000000000000e+01 1.595000000000000000e+03
2.500000000000000000e+02 1.377000000000000000e+03
2.560000000000000000e+02 1.343000000000000000e+03
2.570000000000000000e+02 7.970000000000000000e+02
3.090000000000000000e+02 6.830000000000000000e+02
3.370000000000000000e+02 1.189000000000000000e+03
3.550000000000000000e+02 3.270000000000000000e+02
3.600000000000000000e+02 1.160000000000000000e+03
3.780000000000000000e+02 1.547000000000000000e+03
4.160000000000000000e+02 1.236000000000000000e+03
5.450000000000000000e+02 1.482000000000000000e+03
5.500000000000000000e+02 3.700000000000000000e+02
5.520000000000000000e+02 6.000000000000000000e+00
6.490000000000000000e+02 1.268000000000000000e+03
6.710000000000000000e+02 5.480000000000000000e+02
7.510000000000000000e+02 5.500000000000000000e+02
7.730000000000000000e+02 1.176000000000000000e+03
8.020000000000000000e+02 7.180000000000000000e+02
8.150000000000000000e+02 7.160000000000000000e+02
8.520000000000000000e+02 1.216000000000000000e+03
9.960000000000000000e+02 2.420000000000000000e+02
1.022000000000000000e+03 5.000000000000000000e+00
1.077000000000000000e+03 1.884000000000000000e+03
1.150000000000000000e+03 3.740000000000000000e+02
1.202000000000000000e+03 3.100000000000000000e+01
1.333000000000000000e+03 8.290000000000000000e+02
1.336000000000000000e+03 9.660000000000000000e+02
1.354000000000000000e+03 9.690000000000000000e+02
1.356000000000000000e+03 6.780000000000000000e+02
1.364000000000000000e+03 9.850000000000000000e+02
1.547000000000000000e+03 3.370000000000000000e+02
1.559000000000000000e+03 3.420000000000000000e+02
1.567000000000000000e+03 8.900000000000000000e+01
1.607000000000000000e+03 3.590000000000000000e+02
1.800000000000000000e+03 1.920000000000000000e+02
1.937000000000000000e+03 3.260000000000000000e+02
2.192000000000000000e+03 8.040000000000000000e+02
2.205000000000000000e+03 1.556000000000000000e+03
2.227000000000000000e+03 9.410000000000000000e+02
2.246000000000000000e+03 3.820000000000000000e+02
2.344000000000000000e+03 4.880000000000000000e+02
2.350000000000000000e+03 1.558000000000000000e+03
2.423000000000000000e+03 1.192000000000000000e+03
2.423000000000000000e+03 1.258000000000000000e+03
2.577000000000000000e+03 1.004000000000000000e+03
2.649000000000000000e+03 1.158000000000000000e+03
2.657000000000000000e+03 1.050000000000000000e+03
2.680000000000000000e+03 1.054000000000000000e+03
2.693000000000000000e+03 1.543000000000000000e+03
2.741000000000000000e+03 3.450000000000000000e+02
2.790000000000000000e+03 1.651000000000000000e+03
2.834000000000000000e+03 3.700000000000000000e+02
2.849000000000000000e+03 2.940000000000000000e+02
2.852000000000000000e+03 2.340000000000000000e+02
2.855000000000000000e+03 1.224000000000000000e+03
2.861000000000000000e+03 9.340000000000000000e+02
2.863000000000000000e+03 1.714000000000000000e+03
2.867000000000000000e+03 1.188000000000000000e+03
2.874000000000000000e+03 8.810000000000000000e+02
2.892000000000000000e+03 6.060000000000000000e+02
2.993000000000000000e+03 7.570000000000000000e+02
9.500000000000000000e+01 1.650000000000000000e+03
1.800000000000000000e+02 1.396000000000000000e+03
2.020000000000000000e+02 1.609000000000000000e+03
2.980000000000000000e+02 1.087000000000000000e+03
3.310000000000000000e+02 1.117000000000000000e+03
3.380000000000000000e+02 1.189000000000000000e+03
3.430000000000000000e+02 2.010000000000000000e+02
3.450000000000000000e+02 2.670000000000000000e+02
3.670000000000000000e+02 1.160000000000000000e+03
3.740000000000000000e+02 3.580000000000000000e+02
3.900000000000000000e+02 1.610000000000000000e+02
4.180000000000000000e+02 1.151000000000000000e+03
4.530000000000000000e+02 1.023000000000000000e+03
4.960000000000000000e+02 2.310000000000000000e+02
6.600000000000000000e+02 2.550000000000000000e+02
6.720000000000000000e+02 9.000000000000000000e+00
7.290000000000000000e+02 4.780000000000000000e+02
7.540000000000000000e+02 4.330000000000000000e+02
7.680000000000000000e+02 1.215000000000000000e+03
7.730000000000000000e+02 1.279000000000000000e+03
7.870000000000000000e+02 5.640000000000000000e+02
8.110000000000000000e+02 6.300000000000000000e+02
8.330000000000000000e+02 5.000000000000000000e+00
8.480000000000000000e+02 1.280000000000000000e+03
8.690000000000000000e+02 3.380000000000000000e+02
9.190000000000000000e+02 3.900000000000000000e+02
9.750000000000000000e+02 6.200000000000000000e+01
9.770000000000000000e+02 1.217000000000000000e+03
1.003000000000000000e+03 1.090000000000000000e+02
1.006000000000000000e+03 8.250000000000000000e+02
1.025000000000000000e+03 6.000000000000000000e+00
1.034000000000000000e+03 1.400000000000000000e+02
1.039000000000000000e+03 1.470000000000000000e+02
1.055000000000000000e+03 1.281000000000000000e+03
1.061000000000000000e+03 1.218000000000000000e+03
1.062000000000000000e+03 8.700000000000000000e+01
1.071000000000000000e+03 5.900000000000000000e+01
1.107000000000000000e+03 3.570000000000000000e+02
1.155000000000000000e+03 1.882000000000000000e+03
1.205000000000000000e+03 3.720000000000000000e+02
1.293000000000000000e+03 1.033000000000000000e+03
1.298000000000000000e+03 5.540000000000000000e+02
1.302000000000000000e+03 1.070000000000000000e+02
1.305000000000000000e+03 6.960000000000000000e+02
1.324000000000000000e+03 8.070000000000000000e+02
1.335000000000000000e+03 9.610000000000000000e+02
1.356000000000000000e+03 9.560000000000000000e+02
1.372000000000000000e+03 8.620000000000000000e+02
1.383000000000000000e+03 9.110000000000000000e+02
1.388000000000000000e+03 9.510000000000000000e+02
1.433000000000000000e+03 9.970000000000000000e+02
1.491000000000000000e+03 1.285000000000000000e+03
1.548000000000000000e+03 3.370000000000000000e+02
1.600000000000000000e+03 4.590000000000000000e+02
1.698000000000000000e+03 1.573000000000000000e+03
1.714000000000000000e+03 1.594000000000000000e+03
1.725000000000000000e+03 4.200000000000000000e+01
1.747000000000000000e+03 3.330000000000000000e+02
1.748000000000000000e+03 2.450000000000000000e+02
1.772000000000000000e+03 9.390000000000000000e+02
1.791000000000000000e+03 9.000000000000000000e+02
1.807000000000000000e+03 2.010000000000000000e+02
1.858000000000000000e+03 1.223000000000000000e+03
1.917000000000000000e+03 1.080000000000000000e+02
1.954000000000000000e+03 1.224000000000000000e+03
1.959000000000000000e+03 1.315000000000000000e+03
1.986000000000000000e+03 2.860000000000000000e+02
2.095000000000000000e+03 1.224000000000000000e+03
2.104000000000000000e+03 4.320000000000000000e+02
2.205000000000000000e+03 8.480000000000000000e+02
2.237000000000000000e+03 5.500000000000000000e+02
2.249000000000000000e+03 1.434000000000000000e+03
2.268000000000000000e+03 2.660000000000000000e+02
2.272000000000000000e+03 2.650000000000000000e+02
2.278000000000000000e+03 6.800000000000000000e+01
2.314000000000000000e+03 1.188000000000000000e+03
2.328000000000000000e+03 9.740000000000000000e+02
2.339000000000000000e+03 8.750000000000000000e+02
2.341000000000000000e+03 2.810000000000000000e+02
2.342000000000000000e+03 1.065000000000000000e+03
2.344000000000000000e+03 1.006000000000000000e+03
2.350000000000000000e+03 1.251000000000000000e+03
2.363000000000000000e+03 2.580000000000000000e+02
2.374000000000000000e+03 9.030000000000000000e+02
2.420000000000000000e+03 6.900000000000000000e+02
2.494000000000000000e+03 9.000000000000000000e+02
2.558000000000000000e+03 3.700000000000000000e+02
2.627000000000000000e+03 1.554000000000000000e+03
2.651000000000000000e+03 3.040000000000000000e+02
2.753000000000000000e+03 1.703000000000000000e+03
2.798000000000000000e+03 7.240000000000000000e+02
2.798000000000000000e+03 1.715000000000000000e+03
2.827000000000000000e+03 3.540000000000000000e+02
2.829000000000000000e+03 5.600000000000000000e+02
2.832000000000000000e+03 5.320000000000000000e+02
2.840000000000000000e+03 9.250000000000000000e+02
2.841000000000000000e+03 4.150000000000000000e+02
2.847000000000000000e+03 1.302000000000000000e+03
2.854000000000000000e+03 1.160000000000000000e+02
2.856000000000000000e+03 4.960000000000000000e+02
2.856000000000000000e+03 1.649000000000000000e+03
2.861000000000000000e+03 9.570000000000000000e+02
2.865000000000000000e+03 2.800000000000000000e+02
2.867000000000000000e+03 4.950000000000000000e+02
2.880000000000000000e+03 2.190000000000000000e+02
2.880000000000000000e+03 1.181000000000000000e+03
2.886000000000000000e+03 1.707000000000000000e+03
2.951000000000000000e+03 1.662000000000000000e+03
2.966000000000000000e+03 3.000000000000000000e+02
2.975000000000000000e+03 8.800000000000000000e+02
1.070000000000000000e+02 1.650000000000000000e+03
1.180000000000000000e+02 1.686000000000000000e+03
1.590000000000000000e+02 1.921000000000000000e+03
1.620000000000000000e+02 3.240000000000000000e+02
3.050000000000000000e+02 1.382000000000000000e+03
3.320000000000000000e+02 5.000000000000000000e+00
3.320000000000000000e+02 1.117000000000000000e+03
3.430000000000000000e+02 6.570000000000000000e+02
3.470000000000000000e+02 8.530000000000000000e+02
3.700000000000000000e+02 3.770000000000000000e+02
3.700000000000000000e+02 1.586000000000000000e+03
4.540000000000000000e+02 1.555000000000000000e+03
4.900000000000000000e+02 2.060000000000000000e+02
4.980000000000000000e+02 1.097000000000000000e+03
5.470000000000000000e+02 1.318000000000000000e+03
5.600000000000000000e+02 1.573000000000000000e+03
5.620000000000000000e+02 8.530000000000000000e+02
5.810000000000000000e+02 1.247000000000000000e+03
6.150000000000000000e+02 1.892000000000000000e+03
6.200000000000000000e+02 1.238000000000000000e+03
6.450000000000000000e+02 1.216000000000000000e+03
6.710000000000000000e+02 9.000000000000000000e+00
7.340000000000000000e+02 3.540000000000000000e+02
7.720000000000000000e+02 1.725000000000000000e+03
8.880000000000000000e+02 8.940000000000000000e+02
9.100000000000000000e+02 5.100000000000000000e+01
1.038000000000000000e+03 1.460000000000000000e+02
1.055000000000000000e+03 1.886000000000000000e+03
1.061000000000000000e+03 8.700000000000000000e+01
1.105000000000000000e+03 1.190000000000000000e+02
1.118000000000000000e+03 5.100000000000000000e+01
1.150000000000000000e+03 1.879000000000000000e+03
1.212000000000000000e+03 7.900000000000000000e+02
1.216000000000000000e+03 4.150000000000000000e+02
1.226000000000000000e+03 1.877000000000000000e+03
1.244000000000000000e+03 1.873000000000000000e+03
1.253000000000000000e+03 4.460000000000000000e+02
1.268000000000000000e+03 1.283000000000000000e+03
1.269000000000000000e+03 1.000000000000000000e+02
1.276000000000000000e+03 8.000000000000000000e+02
1.280000000000000000e+03 7.800000000000000000e+02
1.294000000000000000e+03 1.033000000000000000e+03
1.300000000000000000e+03 7.520000000000000000e+02
1.308000000000000000e+03 1.070000000000000000e+02
1.323000000000000000e+03 7.430000000000000000e+02
1.334000000000000000e+03 5.380000000000000000e+02
1.360000000000000000e+03 8.730000000000000000e+02
1.379000000000000000e+03 9.870000000000000000e+02
1.391000000000000000e+03 1.010000000000000000e+02
1.393000000000000000e+03 1.023000000000000000e+03
1.395000000000000000e+03 5.360000000000000000e+02
1.413000000000000000e+03 8.270000000000000000e+02
1.429000000000000000e+03 1.012000000000000000e+03
1.469000000000000000e+03 2.013000000000000000e+03
1.474000000000000000e+03 5.490000000000000000e+02
1.479000000000000000e+03 4.370000000000000000e+02
1.499000000000000000e+03 1.278000000000000000e+03
1.553000000000000000e+03 3.530000000000000000e+02
1.592000000000000000e+03 3.650000000000000000e+02
1.671000000000000000e+03 6.040000000000000000e+02
1.700000000000000000e+03 6.000000000000000000e+00
1.714000000000000000e+03 1.288000000000000000e+03
1.715000000000000000e+03 1.243000000000000000e+03
1.719000000000000000e+03 3.280000000000000000e+02
1.719000000000000000e+03 1.223000000000000000e+03
1.721000000000000000e+03 9.300000000000000000e+01
1.768000000000000000e+03 8.990000000000000000e+02
1.860000000000000000e+03 1.313000000000000000e+03
1.949000000000000000e+03 1.291000000000000000e+03
1.953000000000000000e+03 1.225000000000000000e+03
1.970000000000000000e+03 1.737000000000000000e+03
1.971000000000000000e+03 1.740000000000000000e+02
1.998000000000000000e+03 4.810000000000000000e+02
2.038000000000000000e+03 3.860000000000000000e+02
2.078000000000000000e+03 1.802000000000000000e+03
2.104000000000000000e+03 4.520000000000000000e+02
2.115000000000000000e+03 9.800000000000000000e+02
2.127000000000000000e+03 6.810000000000000000e+02
2.140000000000000000e+03 2.006000000000000000e+03
2.153000000000000000e+03 1.816000000000000000e+03
2.205000000000000000e+03 8.480000000000000000e+02
2.213000000000000000e+03 1.654000000000000000e+03
2.225000000000000000e+03 1.272000000000000000e+03
2.235000000000000000e+03 8.880000000000000000e+02
2.243000000000000000e+03 1.274000000000000000e+03
2.266000000000000000e+03 1.313000000000000000e+03
2.303000000000000000e+03 5.700000000000000000e+01
2.348000000000000000e+03 1.001000000000000000e+03
2.395000000000000000e+03 9.910000000000000000e+02
2.406000000000000000e+03 2.820000000000000000e+02
2.417000000000000000e+03 1.243000000000000000e+03
2.417000000000000000e+03 1.543000000000000000e+03
2.419000000000000000e+03 6.900000000000000000e+02
2.421000000000000000e+03 4.790000000000000000e+02
2.427000000000000000e+03 6.970000000000000000e+02
2.457000000000000000e+03 1.380000000000000000e+03
2.476000000000000000e+03 9.000000000000000000e+00
2.534000000000000000e+03 1.043000000000000000e+03
2.564000000000000000e+03 4.710000000000000000e+02
2.580000000000000000e+03 1.035000000000000000e+03
2.586000000000000000e+03 7.400000000000000000e+02
2.643000000000000000e+03 4.760000000000000000e+02
2.671000000000000000e+03 2.230000000000000000e+02
2.671000000000000000e+03 7.710000000000000000e+02
2.681000000000000000e+03 8.220000000000000000e+02
2.799000000000000000e+03 1.714000000000000000e+03
2.823000000000000000e+03 4.790000000000000000e+02
2.827000000000000000e+03 1.678000000000000000e+03
2.827000000000000000e+03 1.687000000000000000e+03
2.840000000000000000e+03 1.056000000000000000e+03
2.845000000000000000e+03 3.610000000000000000e+02
2.847000000000000000e+03 1.002000000000000000e+03
2.851000000000000000e+03 3.750000000000000000e+02
2.855000000000000000e+03 7.670000000000000000e+02
2.858000000000000000e+03 8.670000000000000000e+02
2.868000000000000000e+03 9.090000000000000000e+02
2.903000000000000000e+03 1.713000000000000000e+03
2.928000000000000000e+03 8.580000000000000000e+02
2.931000000000000000e+03 1.607000000000000000e+03
2.933000000000000000e+03 1.606000000000000000e+03
2.940000000000000000e+03 1.663000000000000000e+03
2.958000000000000000e+03 1.405000000000000000e+03
2.971000000000000000e+03 8.910000000000000000e+02
2.974000000000000000e+03 8.670000000000000000e+02
2.987000000000000000e+03 8.140000000000000000e+02
3.033000000000000000e+03 1.280000000000000000e+03
1.120000000000000000e+02 7.380000000000000000e+02
1.390000000000000000e+02 1.543000000000000000e+03
1.980000000000000000e+02 1.372000000000000000e+03
2.040000000000000000e+02 1.137000000000000000e+03
3.050000000000000000e+02 1.383000000000000000e+03
3.320000000000000000e+02 1.117000000000000000e+03
3.460000000000000000e+02 4.610000000000000000e+02
4.650000000000000000e+02 8.500000000000000000e+02
4.800000000000000000e+02 3.650000000000000000e+02
5.480000000000000000e+02 1.038000000000000000e+03
5.930000000000000000e+02 1.140000000000000000e+03
6.490000000000000000e+02 1.580000000000000000e+03
7.000000000000000000e+02 8.290000000000000000e+02
7.480000000000000000e+02 1.086000000000000000e+03
7.700000000000000000e+02 1.235000000000000000e+03
7.880000000000000000e+02 1.587000000000000000e+03
8.430000000000000000e+02 3.460000000000000000e+02
8.470000000000000000e+02 1.236000000000000000e+03
8.590000000000000000e+02 2.550000000000000000e+02
9.140000000000000000e+02 7.460000000000000000e+02
9.210000000000000000e+02 1.843000000000000000e+03
9.290000000000000000e+02 1.842000000000000000e+03
9.500000000000000000e+02 1.506000000000000000e+03
9.640000000000000000e+02 1.900000000000000000e+02
9.800000000000000000e+02 1.280000000000000000e+03
9.970000000000000000e+02 9.900000000000000000e+01
1.007000000000000000e+03 9.100000000000000000e+02
1.012000000000000000e+03 1.941000000000000000e+03
1.017000000000000000e+03 5.910000000000000000e+02
1.022000000000000000e+03 1.800000000000000000e+01
1.031000000000000000e+03 5.910000000000000000e+02
1.039000000000000000e+03 9.400000000000000000e+02
1.102000000000000000e+03 4.600000000000000000e+01
1.127000000000000000e+03 8.740000000000000000e+02
1.136000000000000000e+03 1.615000000000000000e+03
1.141000000000000000e+03 5.800000000000000000e+01
1.151000000000000000e+03 9.580000000000000000e+02
1.173000000000000000e+03 9.210000000000000000e+02
1.184000000000000000e+03 3.780000000000000000e+02
1.190000000000000000e+03 1.087000000000000000e+03
1.260000000000000000e+03 1.873000000000000000e+03
1.287000000000000000e+03 1.040000000000000000e+02
1.295000000000000000e+03 1.033000000000000000e+03
1.401000000000000000e+03 6.500000000000000000e+02
1.411000000000000000e+03 1.285000000000000000e+03
1.429000000000000000e+03 1.011000000000000000e+03
1.479000000000000000e+03 4.360000000000000000e+02
1.493000000000000000e+03 1.221000000000000000e+03
1.494000000000000000e+03 3.390000000000000000e+02
1.502000000000000000e+03 1.045000000000000000e+03
1.504000000000000000e+03 3.450000000000000000e+02
1.532000000000000000e+03 6.000000000000000000e+00
1.546000000000000000e+03 1.046000000000000000e+03
1.586000000000000000e+03 4.460000000000000000e+02
1.596000000000000000e+03 2.024000000000000000e+03
1.605000000000000000e+03 3.350000000000000000e+02
1.636000000000000000e+03 1.287000000000000000e+03
1.730000000000000000e+03 9.510000000000000000e+02
1.781000000000000000e+03 7.280000000000000000e+02
1.848000000000000000e+03 1.556000000000000000e+03
1.850000000000000000e+03 1.587000000000000000e+03
1.854000000000000000e+03 4.400000000000000000e+01
1.863000000000000000e+03 1.292000000000000000e+03
1.881000000000000000e+03 1.602000000000000000e+03
1.892000000000000000e+03 1.870000000000000000e+02
1.905000000000000000e+03 1.214000000000000000e+03
1.962000000000000000e+03 6.920000000000000000e+02
1.965000000000000000e+03 1.737000000000000000e+03
1.999000000000000000e+03 1.496000000000000000e+03
2.005000000000000000e+03 1.139000000000000000e+03
2.031000000000000000e+03 1.069000000000000000e+03
2.054000000000000000e+03 5.030000000000000000e+02
2.074000000000000000e+03 1.069000000000000000e+03
2.085000000000000000e+03 8.140000000000000000e+02
2.104000000000000000e+03 1.293000000000000000e+03
2.207000000000000000e+03 9.300000000000000000e+02
2.223000000000000000e+03 6.900000000000000000e+02
2.240000000000000000e+03 1.418000000000000000e+03
2.240000000000000000e+03 1.900000000000000000e+03
2.271000000000000000e+03 1.257000000000000000e+03
2.273000000000000000e+03 5.010000000000000000e+02
2.294000000000000000e+03 3.020000000000000000e+02
2.307000000000000000e+03 1.105000000000000000e+03
2.312000000000000000e+03 1.358000000000000000e+03
2.351000000000000000e+03 1.252000000000000000e+03
2.426000000000000000e+03 1.235000000000000000e+03
2.476000000000000000e+03 8.000000000000000000e+00
2.488000000000000000e+03 1.784000000000000000e+03
2.493000000000000000e+03 1.670000000000000000e+02
2.518000000000000000e+03 9.060000000000000000e+02
2.546000000000000000e+03 1.355000000000000000e+03
2.583000000000000000e+03 6.580000000000000000e+02
2.624000000000000000e+03 4.520000000000000000e+02
2.671000000000000000e+03 7.720000000000000000e+02
2.745000000000000000e+03 1.425000000000000000e+03
2.748000000000000000e+03 2.380000000000000000e+02
2.788000000000000000e+03 2.290000000000000000e+02
2.809000000000000000e+03 2.200000000000000000e+01
2.823000000000000000e+03 1.683000000000000000e+03
2.825000000000000000e+03 7.360000000000000000e+02
2.827000000000000000e+03 1.677000000000000000e+03
2.827000000000000000e+03 1.688000000000000000e+03
2.844000000000000000e+03 3.110000000000000000e+02
2.845000000000000000e+03 1.134000000000000000e+03
2.863000000000000000e+03 3.830000000000000000e+02
2.863000000000000000e+03 9.550000000000000000e+02
2.876000000000000000e+03 9.250000000000000000e+02
2.886000000000000000e+03 1.507000000000000000e+03
2.906000000000000000e+03 1.607000000000000000e+03
2.942000000000000000e+03 8.170000000000000000e+02
2.942000000000000000e+03 1.671000000000000000e+03
2.976000000000000000e+03 7.850000000000000000e+02
2.981000000000000000e+03 7.850000000000000000e+02
2.996000000000000000e+03 3.470000000000000000e+02
3.069000000000000000e+03 2.150000000000000000e+02
3.070000000000000000e+03 2.690000000000000000e+02
1.320000000000000000e+02 1.880000000000000000e+02
1.410000000000000000e+02 1.553000000000000000e+03
1.680000000000000000e+02 1.920000000000000000e+03
1.940000000000000000e+02 1.136000000000000000e+03
2.270000000000000000e+02 8.110000000000000000e+02
2.490000000000000000e+02 5.720000000000000000e+02
3.060000000000000000e+02 1.054000000000000000e+03
3.450000000000000000e+02 4.610000000000000000e+02
4.350000000000000000e+02 5.280000000000000000e+02
4.640000000000000000e+02 8.500000000000000000e+02
4.640000000000000000e+02 1.003000000000000000e+03
4.800000000000000000e+02 4.400000000000000000e+02
4.820000000000000000e+02 5.700000000000000000e+02
4.840000000000000000e+02 4.710000000000000000e+02
5.050000000000000000e+02 5.300000000000000000e+02
5.510000000000000000e+02 6.320000000000000000e+02
5.550000000000000000e+02 5.000000000000000000e+00
5.580000000000000000e+02 1.310000000000000000e+02
5.940000000000000000e+02 1.162000000000000000e+03
6.140000000000000000e+02 1.870000000000000000e+02
6.840000000000000000e+02 6.490000000000000000e+02
7.180000000000000000e+02 4.630000000000000000e+02
8.420000000000000000e+02 3.320000000000000000e+02
8.880000000000000000e+02 1.920000000000000000e+02
8.900000000000000000e+02 1.026000000000000000e+03
9.050000000000000000e+02 7.980000000000000000e+02
9.590000000000000000e+02 1.596000000000000000e+03
9.810000000000000000e+02 1.662000000000000000e+03
9.920000000000000000e+02 8.580000000000000000e+02
9.990000000000000000e+02 9.460000000000000000e+02
1.020000000000000000e+03 1.941000000000000000e+03
1.027000000000000000e+03 1.270000000000000000e+02
1.056000000000000000e+03 1.887000000000000000e+03
1.075000000000000000e+03 2.039000000000000000e+03
1.139000000000000000e+03 8.700000000000000000e+02
1.174000000000000000e+03 9.210000000000000000e+02
1.197000000000000000e+03 9.600000000000000000e+02
1.209000000000000000e+03 8.670000000000000000e+02
1.220000000000000000e+03 3.900000000000000000e+02
1.221000000000000000e+03 3.420000000000000000e+02
1.225000000000000000e+03 1.878000000000000000e+03
1.258000000000000000e+03 5.560000000000000000e+02
1.304000000000000000e+03 4.600000000000000000e+02
1.323000000000000000e+03 7.440000000000000000e+02
1.325000000000000000e+03 1.024000000000000000e+03
1.337000000000000000e+03 1.207000000000000000e+03
1.362000000000000000e+03 1.856000000000000000e+03
1.379000000000000000e+03 9.880000000000000000e+02
1.392000000000000000e+03 1.023000000000000000e+03
1.411000000000000000e+03 1.240000000000000000e+03
1.413000000000000000e+03 8.270000000000000000e+02
1.460000000000000000e+03 6.420000000000000000e+02
1.483000000000000000e+03 1.024000000000000000e+03
1.492000000000000000e+03 1.240000000000000000e+03
1.499000000000000000e+03 1.308000000000000000e+03
1.503000000000000000e+03 7.810000000000000000e+02
1.516000000000000000e+03 3.690000000000000000e+02
1.516000000000000000e+03 8.640000000000000000e+02
1.528000000000000000e+03 9.560000000000000000e+02
1.546000000000000000e+03 1.003000000000000000e+03
1.553000000000000000e+03 9.170000000000000000e+02
1.568000000000000000e+03 9.110000000000000000e+02
1.570000000000000000e+03 1.085000000000000000e+03
1.594000000000000000e+03 4.040000000000000000e+02
1.634000000000000000e+03 3.300000000000000000e+01
1.657000000000000000e+03 1.555000000000000000e+03
1.670000000000000000e+03 9.690000000000000000e+02
1.698000000000000000e+03 1.524000000000000000e+03
1.700000000000000000e+03 1.611000000000000000e+03
1.705000000000000000e+03 9.300000000000000000e+01
1.720000000000000000e+03 1.310000000000000000e+03
1.724000000000000000e+03 1.070000000000000000e+03
1.730000000000000000e+03 9.590000000000000000e+02
1.740000000000000000e+03 6.340000000000000000e+02
1.847000000000000000e+03 1.556000000000000000e+03
1.863000000000000000e+03 1.244000000000000000e+03
1.874000000000000000e+03 8.900000000000000000e+01
1.882000000000000000e+03 7.200000000000000000e+01
1.899000000000000000e+03 1.220000000000000000e+02
1.923000000000000000e+03 1.253000000000000000e+03
1.949000000000000000e+03 1.245000000000000000e+03
1.950000000000000000e+03 3.250000000000000000e+02
1.958000000000000000e+03 1.314000000000000000e+03
1.967000000000000000e+03 1.730000000000000000e+02
1.967000000000000000e+03 2.880000000000000000e+02
2.085000000000000000e+03 8.150000000000000000e+02
2.103000000000000000e+03 1.246000000000000000e+03
2.191000000000000000e+03 1.406000000000000000e+03
2.204000000000000000e+03 3.850000000000000000e+02
2.277000000000000000e+03 2.420000000000000000e+02
2.294000000000000000e+03 3.010000000000000000e+02
2.304000000000000000e+03 1.126000000000000000e+03
2.346000000000000000e+03 3.000000000000000000e+02
2.346000000000000000e+03 8.880000000000000000e+02
2.354000000000000000e+03 1.358000000000000000e+03
2.362000000000000000e+03 1.099000000000000000e+03
2.371000000000000000e+03 5.820000000000000000e+02
2.417000000000000000e+03 5.660000000000000000e+02
2.435000000000000000e+03 7.460000000000000000e+02
2.462000000000000000e+03 1.863000000000000000e+03
2.495000000000000000e+03 1.300000000000000000e+02
2.507000000000000000e+03 1.331000000000000000e+03
2.541000000000000000e+03 1.381000000000000000e+03
2.543000000000000000e+03 1.024000000000000000e+03
2.556000000000000000e+03 3.730000000000000000e+02
2.570000000000000000e+03 4.670000000000000000e+02
2.595000000000000000e+03 1.006000000000000000e+03
2.638000000000000000e+03 1.490000000000000000e+02
2.653000000000000000e+03 3.670000000000000000e+02
2.665000000000000000e+03 3.000000000000000000e+01
2.673000000000000000e+03 1.000000000000000000e+03
2.783000000000000000e+03 1.020000000000000000e+02
2.803000000000000000e+03 7.330000000000000000e+02
2.823000000000000000e+03 1.684000000000000000e+03
2.831000000000000000e+03 1.681000000000000000e+03
2.843000000000000000e+03 3.100000000000000000e+02
2.847000000000000000e+03 6.970000000000000000e+02
2.863000000000000000e+03 2.770000000000000000e+02
2.873000000000000000e+03 9.750000000000000000e+02
2.876000000000000000e+03 1.413000000000000000e+03
2.902000000000000000e+03 6.370000000000000000e+02
2.924000000000000000e+03 8.360000000000000000e+02
2.938000000000000000e+03 7.890000000000000000e+02
2.942000000000000000e+03 7.870000000000000000e+02
2.945000000000000000e+03 8.650000000000000000e+02
2.946000000000000000e+03 8.160000000000000000e+02
2.946000000000000000e+03 8.400000000000000000e+02
3.055000000000000000e+03 1.402000000000000000e+03
3.069000000000000000e+03 2.390000000000000000e+02
1.270000000000000000e+02 1.447000000000000000e+03
1.380000000000000000e+02 1.380000000000000000e+03
1.480000000000000000e+02 1.540000000000000000e+03
2.120000000000000000e+02 4.490000000000000000e+02
2.240000000000000000e+02 7.930000000000000000e+02
2.510000000000000000e+02 6.300000000000000000e+01
2.510000000000000000e+02 7.700000000000000000e+01
3.270000000000000000e+02 3.860000000000000000e+02
3.470000000000000000e+02 1.205000000000000000e+03
3.530000000000000000e+02 1.383000000000000000e+03
4.390000000000000000e+02 7.810000000000000000e+02
4.980000000000000000e+02 1.127000000000000000e+03
5.050000000000000000e+02 5.310000000000000000e+02
5.100000000000000000e+02 5.550000000000000000e+02
5.550000000000000000e+02 1.485000000000000000e+03
6.150000000000000000e+02 1.870000000000000000e+02
6.860000000000000000e+02 1.594000000000000000e+03
7.370000000000000000e+02 1.615000000000000000e+03
7.570000000000000000e+02 4.050000000000000000e+02
7.670000000000000000e+02 4.350000000000000000e+02
7.670000000000000000e+02 1.179000000000000000e+03
8.000000000000000000e+02 1.647000000000000000e+03
8.070000000000000000e+02 1.272000000000000000e+03
8.110000000000000000e+02 6.950000000000000000e+02
8.490000000000000000e+02 1.298000000000000000e+03
9.040000000000000000e+02 1.082000000000000000e+03
9.620000000000000000e+02 1.639000000000000000e+03
9.700000000000000000e+02 1.665000000000000000e+03
9.820000000000000000e+02 1.360000000000000000e+02
1.006000000000000000e+03 2.680000000000000000e+02
1.006000000000000000e+03 8.490000000000000000e+02
1.019000000000000000e+03 1.049000000000000000e+03
1.047000000000000000e+03 9.350000000000000000e+02
1.122000000000000000e+03 3.650000000000000000e+02
1.128000000000000000e+03 7.880000000000000000e+02
1.134000000000000000e+03 1.563000000000000000e+03
1.144000000000000000e+03 1.616000000000000000e+03
1.154000000000000000e+03 8.690000000000000000e+02
1.189000000000000000e+03 3.780000000000000000e+02
1.193000000000000000e+03 1.090000000000000000e+03
1.195000000000000000e+03 1.041000000000000000e+03
1.204000000000000000e+03 3.750000000000000000e+02
1.209000000000000000e+03 8.680000000000000000e+02
1.209000000000000000e+03 1.041000000000000000e+03
1.212000000000000000e+03 9.580000000000000000e+02
1.223000000000000000e+03 3.620000000000000000e+02
1.245000000000000000e+03 1.032000000000000000e+03
1.295000000000000000e+03 1.032000000000000000e+03
1.304000000000000000e+03 4.600000000000000000e+02
1.316000000000000000e+03 1.670000000000000000e+03
1.319000000000000000e+03 8.500000000000000000e+01
1.337000000000000000e+03 1.024000000000000000e+03
1.338000000000000000e+03 1.609000000000000000e+03
1.346000000000000000e+03 2.540000000000000000e+02
1.380000000000000000e+03 9.880000000000000000e+02
1.382000000000000000e+03 5.490000000000000000e+02
1.398000000000000000e+03 9.580000000000000000e+02
1.449000000000000000e+03 1.320000000000000000e+03
1.480000000000000000e+03 4.350000000000000000e+02
1.483000000000000000e+03 1.024000000000000000e+03
1.503000000000000000e+03 7.820000000000000000e+02
1.516000000000000000e+03 8.650000000000000000e+02
1.517000000000000000e+03 1.039000000000000000e+03
1.531000000000000000e+03 8.650000000000000000e+02
1.555000000000000000e+03 1.090000000000000000e+03
1.556000000000000000e+03 3.600000000000000000e+01
1.589000000000000000e+03 8.630000000000000000e+02
1.593000000000000000e+03 3.640000000000000000e+02
1.667000000000000000e+03 6.690000000000000000e+02
1.672000000000000000e+03 1.282000000000000000e+03
1.699000000000000000e+03 1.600000000000000000e+01
1.719000000000000000e+03 1.555000000000000000e+03
1.798000000000000000e+03 1.348000000000000000e+03
1.805000000000000000e+03 9.580000000000000000e+02
1.810000000000000000e+03 1.551000000000000000e+03
1.863000000000000000e+03 1.243000000000000000e+03
1.957000000000000000e+03 7.790000000000000000e+02
1.965000000000000000e+03 1.730000000000000000e+02
1.987000000000000000e+03 5.050000000000000000e+02
2.040000000000000000e+03 1.574000000000000000e+03
2.112000000000000000e+03 4.250000000000000000e+02
2.156000000000000000e+03 1.239000000000000000e+03
2.254000000000000000e+03 9.740000000000000000e+02
2.289000000000000000e+03 1.063000000000000000e+03
2.290000000000000000e+03 8.340000000000000000e+02
2.316000000000000000e+03 1.220000000000000000e+02
2.328000000000000000e+03 1.250000000000000000e+02
2.353000000000000000e+03 1.810000000000000000e+02
2.452000000000000000e+03 1.503000000000000000e+03
2.488000000000000000e+03 2.210000000000000000e+02
2.493000000000000000e+03 6.520000000000000000e+02
2.493000000000000000e+03 6.710000000000000000e+02
2.495000000000000000e+03 7.440000000000000000e+02
2.497000000000000000e+03 4.100000000000000000e+01
2.499000000000000000e+03 9.060000000000000000e+02
2.507000000000000000e+03 1.331000000000000000e+03
2.583000000000000000e+03 4.510000000000000000e+02
2.655000000000000000e+03 8.660000000000000000e+02
2.731000000000000000e+03 3.410000000000000000e+02
2.814000000000000000e+03 9.660000000000000000e+02
2.820000000000000000e+03 3.360000000000000000e+02
2.848000000000000000e+03 7.140000000000000000e+02
2.852000000000000000e+03 9.340000000000000000e+02
2.864000000000000000e+03 9.530000000000000000e+02
2.868000000000000000e+03 9.750000000000000000e+02
2.871000000000000000e+03 9.120000000000000000e+02
2.903000000000000000e+03 7.370000000000000000e+02
2.987000000000000000e+03 8.440000000000000000e+02
3.028000000000000000e+03 7.070000000000000000e+02
3.039000000000000000e+03 1.079000000000000000e+03
3.047000000000000000e+03 1.266000000000000000e+03
3.070000000000000000e+03 1.690000000000000000e+02
1.090000000000000000e+02 8.170000000000000000e+02
2.130000000000000000e+02 4.490000000000000000e+02
2.510000000000000000e+02 1.379000000000000000e+03
2.530000000000000000e+02 6.300000000000000000e+01
3.400000000000000000e+02 3.800000000000000000e+02
3.430000000000000000e+02 1.130000000000000000e+03
3.460000000000000000e+02 2.040000000000000000e+02
4.130000000000000000e+02 1.540000000000000000e+03
4.200000000000000000e+02 1.382000000000000000e+03
4.330000000000000000e+02 7.600000000000000000e+02
4.340000000000000000e+02 1.383000000000000000e+03
5.010000000000000000e+02 2.050000000000000000e+02
5.800000000000000000e+02 3.050000000000000000e+02
6.160000000000000000e+02 1.860000000000000000e+02
6.870000000000000000e+02 1.594000000000000000e+03
7.060000000000000000e+02 1.237000000000000000e+03
7.080000000000000000e+02 8.220000000000000000e+02
7.290000000000000000e+02 8.200000000000000000e+02
8.080000000000000000e+02 1.273000000000000000e+03
8.100000000000000000e+02 6.950000000000000000e+02
8.200000000000000000e+02 7.500000000000000000e+02
8.890000000000000000e+02 1.930000000000000000e+02
9.060000000000000000e+02 4.040000000000000000e+02
9.380000000000000000e+02 1.654000000000000000e+03
9.610000000000000000e+02 1.564000000000000000e+03
9.910000000000000000e+02 1.049000000000000000e+03
1.019000000000000000e+03 8.100000000000000000e+02
1.057000000000000000e+03 1.888000000000000000e+03
1.127000000000000000e+03 9.570000000000000000e+02
1.155000000000000000e+03 9.180000000000000000e+02
1.155000000000000000e+03 1.090000000000000000e+03
1.161000000000000000e+03 3.790000000000000000e+02
1.209000000000000000e+03 3.820000000000000000e+02
1.222000000000000000e+03 9.560000000000000000e+02
1.223000000000000000e+03 7.880000000000000000e+02
1.258000000000000000e+03 1.018000000000000000e+03
1.291000000000000000e+03 4.600000000000000000e+02
1.315000000000000000e+03 1.670000000000000000e+03
1.322000000000000000e+03 7.450000000000000000e+02
1.324000000000000000e+03 1.042000000000000000e+03
1.334000000000000000e+03 9.630000000000000000e+02
1.379000000000000000e+03 1.006000000000000000e+03
1.399000000000000000e+03 5.500000000000000000e+02
1.456000000000000000e+03 1.007000000000000000e+03
1.495000000000000000e+03 1.283000000000000000e+03
1.503000000000000000e+03 9.540000000000000000e+02
1.506000000000000000e+03 1.400000000000000000e+01
1.508000000000000000e+03 1.585000000000000000e+03
1.534000000000000000e+03 7.580000000000000000e+02
1.545000000000000000e+03 1.045000000000000000e+03
1.566000000000000000e+03 7.590000000000000000e+02
1.576000000000000000e+03 4.000000000000000000e+01
1.591000000000000000e+03 7.590000000000000000e+02
1.599000000000000000e+03 3.650000000000000000e+02
1.603000000000000000e+03 7.810000000000000000e+02
1.604000000000000000e+03 8.690000000000000000e+02
1.610000000000000000e+03 4.750000000000000000e+02
1.639000000000000000e+03 1.655000000000000000e+03
1.653000000000000000e+03 9.000000000000000000e+02
1.687000000000000000e+03 1.596000000000000000e+03
1.709000000000000000e+03 1.612000000000000000e+03
1.734000000000000000e+03 1.265000000000000000e+03
1.757000000000000000e+03 1.606000000000000000e+03
1.769000000000000000e+03 2.340000000000000000e+02
1.778000000000000000e+03 7.920000000000000000e+02
1.781000000000000000e+03 1.043000000000000000e+03
1.790000000000000000e+03 1.246000000000000000e+03
1.860000000000000000e+03 1.682000000000000000e+03
1.879000000000000000e+03 1.079000000000000000e+03
1.885000000000000000e+03 8.600000000000000000e+01
1.887000000000000000e+03 1.013000000000000000e+03
1.913000000000000000e+03 1.078000000000000000e+03
2.002000000000000000e+03 7.890000000000000000e+02
2.074000000000000000e+03 8.080000000000000000e+02
2.114000000000000000e+03 1.546000000000000000e+03
2.121000000000000000e+03 1.116000000000000000e+03
2.199000000000000000e+03 1.255000000000000000e+03
2.274000000000000000e+03 1.464000000000000000e+03
2.287000000000000000e+03 1.286000000000000000e+03
2.323000000000000000e+03 1.478000000000000000e+03
2.346000000000000000e+03 1.392000000000000000e+03
2.351000000000000000e+03 1.545000000000000000e+03
2.488000000000000000e+03 2.220000000000000000e+02
2.495000000000000000e+03 1.536000000000000000e+03
2.508000000000000000e+03 1.626000000000000000e+03
2.520000000000000000e+03 1.415000000000000000e+03
2.543000000000000000e+03 1.023000000000000000e+03
2.543000000000000000e+03 1.479000000000000000e+03
2.644000000000000000e+03 1.690000000000000000e+02
2.668000000000000000e+03 1.567000000000000000e+03
2.770000000000000000e+03 1.528000000000000000e+03
2.790000000000000000e+03 1.337000000000000000e+03
2.792000000000000000e+03 1.714000000000000000e+03
2.829000000000000000e+03 3.000000000000000000e+00
2.830000000000000000e+03 5.930000000000000000e+02
2.832000000000000000e+03 1.550000000000000000e+02
2.832000000000000000e+03 1.920000000000000000e+02
2.836000000000000000e+03 3.080000000000000000e+02
2.851000000000000000e+03 8.820000000000000000e+02
2.929000000000000000e+03 8.590000000000000000e+02
2.976000000000000000e+03 1.677000000000000000e+03
2.993000000000000000e+03 8.570000000000000000e+02
1.200000000000000000e+01 1.601000000000000000e+03
2.100000000000000000e+02 1.385000000000000000e+03
2.460000000000000000e+02 6.350000000000000000e+02
2.620000000000000000e+02 7.400000000000000000e+02
3.490000000000000000e+02 1.111000000000000000e+03
3.850000000000000000e+02 1.108000000000000000e+03
4.300000000000000000e+02 3.680000000000000000e+02
5.800000000000000000e+02 3.640000000000000000e+02
6.160000000000000000e+02 1.669000000000000000e+03
6.490000000000000000e+02 1.523000000000000000e+03
6.700000000000000000e+02 4.620000000000000000e+02
6.790000000000000000e+02 4.760000000000000000e+02
7.060000000000000000e+02 1.631000000000000000e+03
7.140000000000000000e+02 1.250000000000000000e+03
7.300000000000000000e+02 2.600000000000000000e+02
7.320000000000000000e+02 1.590000000000000000e+03
7.510000000000000000e+02 7.690000000000000000e+02
7.770000000000000000e+02 1.279000000000000000e+03
8.790000000000000000e+02 3.470000000000000000e+02
9.520000000000000000e+02 1.660000000000000000e+02
9.870000000000000000e+02 5.500000000000000000e+01
9.970000000000000000e+02 9.490000000000000000e+02
1.055000000000000000e+03 1.192000000000000000e+03
1.110000000000000000e+03 5.290000000000000000e+02
1.154000000000000000e+03 9.190000000000000000e+02
1.186000000000000000e+03 1.044000000000000000e+03
1.195000000000000000e+03 9.190000000000000000e+02
1.314000000000000000e+03 1.670000000000000000e+03
1.316000000000000000e+03 1.217000000000000000e+03
1.322000000000000000e+03 7.460000000000000000e+02
1.352000000000000000e+03 9.680000000000000000e+02
1.353000000000000000e+03 5.490000000000000000e+02
1.393000000000000000e+03 9.870000000000000000e+02
1.400000000000000000e+03 9.150000000000000000e+02
1.413000000000000000e+03 5.580000000000000000e+02
1.416000000000000000e+03 9.570000000000000000e+02
1.482000000000000000e+03 1.026000000000000000e+03
1.503000000000000000e+03 9.550000000000000000e+02
1.510000000000000000e+03 1.263000000000000000e+03
1.524000000000000000e+03 1.900000000000000000e+01
1.532000000000000000e+03 9.150000000000000000e+02
1.533000000000000000e+03 1.089000000000000000e+03
1.540000000000000000e+03 2.200000000000000000e+01
1.575000000000000000e+03 9.150000000000000000e+02
1.575000000000000000e+03 1.089000000000000000e+03
1.602000000000000000e+03 4.800000000000000000e+01
1.697000000000000000e+03 6.400000000000000000e+01
1.707000000000000000e+03 6.500000000000000000e+02
1.718000000000000000e+03 9.320000000000000000e+02
1.738000000000000000e+03 1.276000000000000000e+03
1.770000000000000000e+03 2.330000000000000000e+02
1.780000000000000000e+03 1.637000000000000000e+03
1.786000000000000000e+03 1.563000000000000000e+03
1.808000000000000000e+03 1.239000000000000000e+03
1.818000000000000000e+03 9.580000000000000000e+02
1.884000000000000000e+03 8.400000000000000000e+01
1.914000000000000000e+03 1.690000000000000000e+02
1.964000000000000000e+03 7.780000000000000000e+02
1.980000000000000000e+03 4.780000000000000000e+02
1.988000000000000000e+03 5.050000000000000000e+02
2.011000000000000000e+03 7.200000000000000000e+01
2.083000000000000000e+03 8.420000000000000000e+02
2.083000000000000000e+03 1.482000000000000000e+03
2.088000000000000000e+03 1.558000000000000000e+03
2.233000000000000000e+03 1.619000000000000000e+03
2.276000000000000000e+03 1.464000000000000000e+03
2.300000000000000000e+03 1.320000000000000000e+02
2.324000000000000000e+03 1.544000000000000000e+03
2.342000000000000000e+03 1.240000000000000000e+02
2.428000000000000000e+03 3.020000000000000000e+02
2.431000000000000000e+03 5.210000000000000000e+02
2.508000000000000000e+03 1.627000000000000000e+03
2.541000000000000000e+03 1.404000000000000000e+03
2.549000000000000000e+03 5.850000000000000000e+02
2.644000000000000000e+03 1.680000000000000000e+02
2.662000000000000000e+03 2.340000000000000000e+02
2.860000000000000000e+03 8.190000000000000000e+02
2.877000000000000000e+03 1.464000000000000000e+03
2.881000000000000000e+03 9.300000000000000000e+02
2.900000000000000000e+03 1.449000000000000000e+03
2.903000000000000000e+03 1.069000000000000000e+03
2.939000000000000000e+03 1.682000000000000000e+03
3.050000000000000000e+03 5.150000000000000000e+02
3.056000000000000000e+03 2.400000000000000000e+02
1.800000000000000000e+02 3.220000000000000000e+02
2.480000000000000000e+02 3.400000000000000000e+01
3.280000000000000000e+02 4.110000000000000000e+02
3.590000000000000000e+02 1.159000000000000000e+03
3.680000000000000000e+02 1.160000000000000000e+03
3.850000000000000000e+02 8.200000000000000000e+02
3.860000000000000000e+02 1.107000000000000000e+03
3.880000000000000000e+02 3.070000000000000000e+02
4.300000000000000000e+02 8.060000000000000000e+02
5.590000000000000000e+02 1.566000000000000000e+03
6.140000000000000000e+02 1.185000000000000000e+03
6.630000000000000000e+02 1.254000000000000000e+03
7.540000000000000000e+02 1.093000000000000000e+03
7.750000000000000000e+02 1.278000000000000000e+03
8.140000000000000000e+02 6.330000000000000000e+02
8.260000000000000000e+02 1.014000000000000000e+03
8.750000000000000000e+02 1.110000000000000000e+02
9.180000000000000000e+02 1.920000000000000000e+02
1.030000000000000000e+03 7.660000000000000000e+02
1.103000000000000000e+03 6.500000000000000000e+01
1.138000000000000000e+03 9.620000000000000000e+02
1.183000000000000000e+03 1.045000000000000000e+03
1.302000000000000000e+03 9.630000000000000000e+02
1.402000000000000000e+03 1.017000000000000000e+03
1.427000000000000000e+03 4.590000000000000000e+02
1.430000000000000000e+03 9.100000000000000000e+01
1.490000000000000000e+03 8.640000000000000000e+02
1.590000000000000000e+03 1.040000000000000000e+03
1.604000000000000000e+03 8.690000000000000000e+02
1.643000000000000000e+03 7.200000000000000000e+01
1.659000000000000000e+03 1.190000000000000000e+03
1.696000000000000000e+03 6.500000000000000000e+01
1.715000000000000000e+03 9.600000000000000000e+02
1.717000000000000000e+03 9.330000000000000000e+02
1.766000000000000000e+03 1.632000000000000000e+03
1.967000000000000000e+03 7.780000000000000000e+02
2.007000000000000000e+03 2.210000000000000000e+02
2.051000000000000000e+03 5.860000000000000000e+02
2.212000000000000000e+03 7.410000000000000000e+02
2.218000000000000000e+03 6.910000000000000000e+02
2.344000000000000000e+03 9.920000000000000000e+02
2.346000000000000000e+03 1.528000000000000000e+03
2.487000000000000000e+03 2.230000000000000000e+02
2.637000000000000000e+03 6.610000000000000000e+02
2.807000000000000000e+03 1.337000000000000000e+03
2.877000000000000000e+03 1.465000000000000000e+03
2.893000000000000000e+03 7.720000000000000000e+02
3.025000000000000000e+03 7.650000000000000000e+02
3.025000000000000000e+03 1.138000000000000000e+03
3.055000000000000000e+03 2.400000000000000000e+02
3.056000000000000000e+03 2.680000000000000000e+02
4.040000000000000000e+02 2.570000000000000000e+02
5.410000000000000000e+02 1.324000000000000000e+03
5.920000000000000000e+02 7.950000000000000000e+02
7.400000000000000000e+02 8.130000000000000000e+02
8.940000000000000000e+02 6.350000000000000000e+02
1.126000000000000000e+03 6.100000000000000000e+01
1.199000000000000000e+03 5.100000000000000000e+02
1.202000000000000000e+03 4.230000000000000000e+02
1.290000000000000000e+03 1.029000000000000000e+03
1.307000000000000000e+03 6.930000000000000000e+02
1.319000000000000000e+03 6.690000000000000000e+02
1.332000000000000000e+03 9.280000000000000000e+02
1.424000000000000000e+03 4.610000000000000000e+02
1.460000000000000000e+03 1.028000000000000000e+03
1.480000000000000000e+03 1.024000000000000000e+03
1.610000000000000000e+03 1.577000000000000000e+03
1.652000000000000000e+03 5.200000000000000000e+01
1.873000000000000000e+03 1.617000000000000000e+03
1.934000000000000000e+03 1.554000000000000000e+03
1.969000000000000000e+03 7.780000000000000000e+02
1.969000000000000000e+03 1.008000000000000000e+03
2.076000000000000000e+03 2.340000000000000000e+02
2.089000000000000000e+03 1.096000000000000000e+03
2.212000000000000000e+03 7.450000000000000000e+02
2.219000000000000000e+03 6.910000000000000000e+02
2.300000000000000000e+03 1.195000000000000000e+03
2.315000000000000000e+03 8.340000000000000000e+02
2.426000000000000000e+03 3.600000000000000000e+02
2.487000000000000000e+03 1.580000000000000000e+02
2.651000000000000000e+03 2.550000000000000000e+02
2.832000000000000000e+03 2.620000000000000000e+02
2.851000000000000000e+03 1.545000000000000000e+03
2.861000000000000000e+03 1.374000000000000000e+03
2.867000000000000000e+03 7.320000000000000000e+02
2.867000000000000000e+03 1.710000000000000000e+03
2.880000000000000000e+03 8.760000000000000000e+02
2.881000000000000000e+03 1.429000000000000000e+03
2.895000000000000000e+03 1.525000000000000000e+03
2.908000000000000000e+03 1.208000000000000000e+03
3.045000000000000000e+03 1.310000000000000000e+02
3.054000000000000000e+03 2.390000000000000000e+02
3.069000000000000000e+03 1.178000000000000000e+03
5.360000000000000000e+02 9.130000000000000000e+02
7.420000000000000000e+02 8.100000000000000000e+02
8.530000000000000000e+02 2.490000000000000000e+02
1.188000000000000000e+03 7.750000000000000000e+02
1.200000000000000000e+03 4.490000000000000000e+02
1.377000000000000000e+03 7.260000000000000000e+02
1.535000000000000000e+03 7.700000000000000000e+02
1.568000000000000000e+03 7.680000000000000000e+02
1.598000000000000000e+03 4.940000000000000000e+02
1.653000000000000000e+03 1.140000000000000000e+02
1.738000000000000000e+03 7.580000000000000000e+02
1.752000000000000000e+03 8.370000000000000000e+02
1.787000000000000000e+03 5.980000000000000000e+02
2.048000000000000000e+03 3.280000000000000000e+02
2.048000000000000000e+03 5.880000000000000000e+02
2.215000000000000000e+03 1.633000000000000000e+03
2.238000000000000000e+03 5.740000000000000000e+02
2.241000000000000000e+03 7.200000000000000000e+01
2.317000000000000000e+03 8.320000000000000000e+02
2.358000000000000000e+03 6.640000000000000000e+02
2.422000000000000000e+03 4.810000000000000000e+02
2.428000000000000000e+03 3.000000000000000000e+02
2.549000000000000000e+03 3.800000000000000000e+02
2.669000000000000000e+03 1.001000000000000000e+03
2.670000000000000000e+03 7.740000000000000000e+02
2.832000000000000000e+03 2.630000000000000000e+02
2.849000000000000000e+03 1.445000000000000000e+03
2.862000000000000000e+03 1.374000000000000000e+03
3.045000000000000000e+03 1.330000000000000000e+02
3.069000000000000000e+03 7.710000000000000000e+02
1.200000000000000000e+01 1.600000000000000000e+03
3.470000000000000000e+02 1.188000000000000000e+03
3.500000000000000000e+02 1.131000000000000000e+03
3.840000000000000000e+02 1.189000000000000000e+03
3.850000000000000000e+02 3.100000000000000000e+02
3.870000000000000000e+02 1.129000000000000000e+03
4.740000000000000000e+02 5.670000000000000000e+02
5.940000000000000000e+02 1.275000000000000000e+03
6.010000000000000000e+02 7.240000000000000000e+02
6.230000000000000000e+02 1.670000000000000000e+03
8.530000000000000000e+02 2.490000000000000000e+02
8.810000000000000000e+02 5.800000000000000000e+01
8.940000000000000000e+02 6.380000000000000000e+02
1.016000000000000000e+03 2.550000000000000000e+02
1.081000000000000000e+03 1.882000000000000000e+03
1.104000000000000000e+03 8.170000000000000000e+02
1.162000000000000000e+03 1.884000000000000000e+03
1.181000000000000000e+03 3.700000000000000000e+01
1.200000000000000000e+03 4.470000000000000000e+02
1.219000000000000000e+03 5.150000000000000000e+02
1.222000000000000000e+03 1.880000000000000000e+03
1.315000000000000000e+03 6.840000000000000000e+02
1.316000000000000000e+03 9.690000000000000000e+02
1.321000000000000000e+03 6.640000000000000000e+02
1.327000000000000000e+03 1.217000000000000000e+03
1.330000000000000000e+03 9.300000000000000000e+02
1.333000000000000000e+03 7.800000000000000000e+01
1.363000000000000000e+03 1.004000000000000000e+03
1.364000000000000000e+03 7.900000000000000000e+01
1.384000000000000000e+03 4.260000000000000000e+02
1.421000000000000000e+03 8.200000000000000000e+02
1.458000000000000000e+03 9.940000000000000000e+02
1.478000000000000000e+03 1.022000000000000000e+03
1.494000000000000000e+03 1.234000000000000000e+03
1.537000000000000000e+03 7.690000000000000000e+02
1.564000000000000000e+03 7.680000000000000000e+02
1.603000000000000000e+03 2.790000000000000000e+02
1.649000000000000000e+03 5.300000000000000000e+01
1.653000000000000000e+03 1.140000000000000000e+02
1.657000000000000000e+03 6.910000000000000000e+02
1.740000000000000000e+03 7.600000000000000000e+02
1.799000000000000000e+03 1.618000000000000000e+03
1.821000000000000000e+03 1.623000000000000000e+03
1.868000000000000000e+03 1.032000000000000000e+03
1.902000000000000000e+03 1.286000000000000000e+03
1.907000000000000000e+03 1.037000000000000000e+03
2.024000000000000000e+03 1.068000000000000000e+03
2.086000000000000000e+03 1.091000000000000000e+03
2.152000000000000000e+03 1.235000000000000000e+03
2.173000000000000000e+03 8.840000000000000000e+02
2.212000000000000000e+03 3.760000000000000000e+02
2.238000000000000000e+03 5.740000000000000000e+02
2.246000000000000000e+03 7.100000000000000000e+01
2.256000000000000000e+03 9.030000000000000000e+02
2.265000000000000000e+03 1.503000000000000000e+03
2.320000000000000000e+03 8.290000000000000000e+02
2.346000000000000000e+03 1.172000000000000000e+03
2.361000000000000000e+03 6.630000000000000000e+02
2.490000000000000000e+03 1.540000000000000000e+02
2.520000000000000000e+03 1.510000000000000000e+02
2.645000000000000000e+03 1.520000000000000000e+02
2.648000000000000000e+03 1.156000000000000000e+03
2.669000000000000000e+03 1.000000000000000000e+03
2.796000000000000000e+03 1.704000000000000000e+03
2.817000000000000000e+03 1.686000000000000000e+03
2.827000000000000000e+03 2.600000000000000000e+01
2.832000000000000000e+03 1.670000000000000000e+03
2.834000000000000000e+03 1.140000000000000000e+02
2.851000000000000000e+03 3.820000000000000000e+02
2.852000000000000000e+03 1.579000000000000000e+03
2.854000000000000000e+03 1.539000000000000000e+03
2.866000000000000000e+03 1.706000000000000000e+03
2.879000000000000000e+03 8.760000000000000000e+02
2.880000000000000000e+03 1.449000000000000000e+03
2.894000000000000000e+03 7.720000000000000000e+02
2.899000000000000000e+03 1.562000000000000000e+03
2.910000000000000000e+03 1.225000000000000000e+03
2.911000000000000000e+03 9.160000000000000000e+02
2.920000000000000000e+03 3.500000000000000000e+02
2.920000000000000000e+03 1.622000000000000000e+03
2.936000000000000000e+03 8.630000000000000000e+02
2.937000000000000000e+03 1.709000000000000000e+03
2.946000000000000000e+03 7.290000000000000000e+02
2.961000000000000000e+03 8.020000000000000000e+02
2.962000000000000000e+03 3.000000000000000000e+02
2.968000000000000000e+03 7.270000000000000000e+02
2.994000000000000000e+03 8.550000000000000000e+02
3.026000000000000000e+03 7.650000000000000000e+02
3.033000000000000000e+03 1.375000000000000000e+03
3.046000000000000000e+03 1.350000000000000000e+02
3.056000000000000000e+03 2.610000000000000000e+02
3.067000000000000000e+03 6.640000000000000000e+02
