5.000000000000000000e+00 1.413000000000000000e+03
6.100000000000000000e+01 1.709000000000000000e+03
8.300000000000000000e+01 6.900000000000000000e+02
1.110000000000000000e+02 8.490000000000000000e+02
1.320000000000000000e+02 1.801000000000000000e+03
1.430000000000000000e+02 7.900000000000000000e+01
1.430000000000000000e+02 9.780000000000000000e+02
1.570000000000000000e+02 5.510000000000000000e+02
1.690000000000000000e+02 1.813000000000000000e+03
1.920000000000000000e+02 1.186000000000000000e+03
1.970000000000000000e+02 1.090000000000000000e+03
2.000000000000000000e+02 1.760000000000000000e+02
2.060000000000000000e+02 1.100000000000000000e+03
2.060000000000000000e+02 1.175000000000000000e+03
2.070000000000000000e+02 1.139000000000000000e+03
2.070000000000000000e+02 1.149000000000000000e+03
2.090000000000000000e+02 1.104000000000000000e+03
2.100000000000000000e+02 1.180000000000000000e+03
2.150000000000000000e+02 9.750000000000000000e+02
2.250000000000000000e+02 1.089000000000000000e+03
2.260000000000000000e+02 1.197000000000000000e+03
2.450000000000000000e+02 1.143000000000000000e+03
2.510000000000000000e+02 1.143000000000000000e+03
2.630000000000000000e+02 2.760000000000000000e+02
2.710000000000000000e+02 1.085000000000000000e+03
2.710000000000000000e+02 1.202000000000000000e+03
2.730000000000000000e+02 7.190000000000000000e+02
2.730000000000000000e+02 1.756000000000000000e+03
2.770000000000000000e+02 1.075000000000000000e+03
2.820000000000000000e+02 1.208000000000000000e+03
2.830000000000000000e+02 1.078000000000000000e+03
2.850000000000000000e+02 1.163000000000000000e+03
2.860000000000000000e+02 1.119000000000000000e+03
2.860000000000000000e+02 1.125000000000000000e+03
2.860000000000000000e+02 1.181000000000000000e+03
2.900000000000000000e+02 1.078000000000000000e+03
2.900000000000000000e+02 1.105000000000000000e+03
3.200000000000000000e+02 1.598000000000000000e+03
4.090000000000000000e+02 1.472000000000000000e+03
4.140000000000000000e+02 4.100000000000000000e+01
4.210000000000000000e+02 9.360000000000000000e+02
4.230000000000000000e+02 1.126000000000000000e+03
4.270000000000000000e+02 1.133000000000000000e+03
4.430000000000000000e+02 1.485000000000000000e+03
4.520000000000000000e+02 1.986000000000000000e+03
4.740000000000000000e+02 1.983000000000000000e+03
4.910000000000000000e+02 1.950000000000000000e+02
5.080000000000000000e+02 1.940000000000000000e+02
5.320000000000000000e+02 1.950000000000000000e+02
5.420000000000000000e+02 7.850000000000000000e+02
5.710000000000000000e+02 5.150000000000000000e+02
6.030000000000000000e+02 5.120000000000000000e+02
6.260000000000000000e+02 5.700000000000000000e+01
6.410000000000000000e+02 2.016000000000000000e+03
6.570000000000000000e+02 7.790000000000000000e+02
6.620000000000000000e+02 3.230000000000000000e+02
6.650000000000000000e+02 7.210000000000000000e+02
6.710000000000000000e+02 3.300000000000000000e+02
7.150000000000000000e+02 3.280000000000000000e+02
7.250000000000000000e+02 4.250000000000000000e+02
7.270000000000000000e+02 1.234000000000000000e+03
7.380000000000000000e+02 1.826000000000000000e+03
7.410000000000000000e+02 1.826000000000000000e+03
7.580000000000000000e+02 1.207000000000000000e+03
7.650000000000000000e+02 2.980000000000000000e+02
7.810000000000000000e+02 4.450000000000000000e+02
8.240000000000000000e+02 6.230000000000000000e+02
8.420000000000000000e+02 2.140000000000000000e+02
8.450000000000000000e+02 1.746000000000000000e+03
8.480000000000000000e+02 5.700000000000000000e+02
8.490000000000000000e+02 5.920000000000000000e+02
8.530000000000000000e+02 3.450000000000000000e+02
8.800000000000000000e+02 9.400000000000000000e+01
8.840000000000000000e+02 1.744000000000000000e+03
8.890000000000000000e+02 1.742000000000000000e+03
9.120000000000000000e+02 1.205000000000000000e+03
9.120000000000000000e+02 1.735000000000000000e+03
9.210000000000000000e+02 1.277000000000000000e+03
9.760000000000000000e+02 2.690000000000000000e+02
9.970000000000000000e+02 2.240000000000000000e+02
1.004000000000000000e+03 2.240000000000000000e+02
1.017000000000000000e+03 1.204000000000000000e+03
1.017000000000000000e+03 1.301000000000000000e+03
1.059000000000000000e+03 2.770000000000000000e+02
1.115000000000000000e+03 7.660000000000000000e+02
1.137000000000000000e+03 5.880000000000000000e+02
1.166000000000000000e+03 1.203000000000000000e+03
1.201000000000000000e+03 1.200000000000000000e+01
1.223000000000000000e+03 1.268000000000000000e+03
1.256000000000000000e+03 1.124000000000000000e+03
1.300000000000000000e+03 2.830000000000000000e+02
1.319000000000000000e+03 2.840000000000000000e+02
1.341000000000000000e+03 7.000000000000000000e+00
1.351000000000000000e+03 2.740000000000000000e+02
1.393000000000000000e+03 3.700000000000000000e+02
1.395000000000000000e+03 3.630000000000000000e+02
1.404000000000000000e+03 1.026000000000000000e+03
1.409000000000000000e+03 2.630000000000000000e+02
1.432000000000000000e+03 4.890000000000000000e+02
1.455000000000000000e+03 7.530000000000000000e+02
1.458000000000000000e+03 7.300000000000000000e+02
1.466000000000000000e+03 1.008000000000000000e+03
1.470000000000000000e+03 7.090000000000000000e+02
1.472000000000000000e+03 6.470000000000000000e+02
1.475000000000000000e+03 7.090000000000000000e+02
1.478000000000000000e+03 7.010000000000000000e+02
1.485000000000000000e+03 7.040000000000000000e+02
1.487000000000000000e+03 9.890000000000000000e+02
1.493000000000000000e+03 9.840000000000000000e+02
1.499000000000000000e+03 6.930000000000000000e+02
1.502000000000000000e+03 6.300000000000000000e+02
1.510000000000000000e+03 1.300000000000000000e+01
1.513000000000000000e+03 4.760000000000000000e+02
1.516000000000000000e+03 1.300000000000000000e+01
1.519000000000000000e+03 9.760000000000000000e+02
1.520000000000000000e+03 6.320000000000000000e+02
1.520000000000000000e+03 9.280000000000000000e+02
1.523000000000000000e+03 1.897000000000000000e+03
1.529000000000000000e+03 1.540000000000000000e+03
1.533000000000000000e+03 4.360000000000000000e+02
1.542000000000000000e+03 7.190000000000000000e+02
1.542000000000000000e+03 9.760000000000000000e+02
1.552000000000000000e+03 8.790000000000000000e+02
1.553000000000000000e+03 6.080000000000000000e+02
1.556000000000000000e+03 8.890000000000000000e+02
1.560000000000000000e+03 9.320000000000000000e+02
1.561000000000000000e+03 9.270000000000000000e+02
1.567000000000000000e+03 1.189000000000000000e+03
1.574000000000000000e+03 9.290000000000000000e+02
1.576000000000000000e+03 8.980000000000000000e+02
1.576000000000000000e+03 9.440000000000000000e+02
1.577000000000000000e+03 5.990000000000000000e+02
1.580000000000000000e+03 4.790000000000000000e+02
1.581000000000000000e+03 9.050000000000000000e+02
1.582000000000000000e+03 9.000000000000000000e+02
1.588000000000000000e+03 6.000000000000000000e+02
1.591000000000000000e+03 8.290000000000000000e+02
1.594000000000000000e+03 9.800000000000000000e+02
1.602000000000000000e+03 5.110000000000000000e+02
1.603000000000000000e+03 9.860000000000000000e+02
1.604000000000000000e+03 5.100000000000000000e+02
1.605000000000000000e+03 9.180000000000000000e+02
1.612000000000000000e+03 2.000000000000000000e+01
1.628000000000000000e+03 9.920000000000000000e+02
1.630000000000000000e+03 9.190000000000000000e+02
1.643000000000000000e+03 6.060000000000000000e+02
1.657000000000000000e+03 1.006000000000000000e+03
1.658000000000000000e+03 9.870000000000000000e+02
1.662000000000000000e+03 9.950000000000000000e+02
1.669000000000000000e+03 1.012000000000000000e+03
1.671000000000000000e+03 9.740000000000000000e+02
1.671000000000000000e+03 9.900000000000000000e+02
1.672000000000000000e+03 1.020000000000000000e+03
1.677000000000000000e+03 1.026000000000000000e+03
1.678000000000000000e+03 9.920000000000000000e+02
1.679000000000000000e+03 1.011000000000000000e+03
1.685000000000000000e+03 9.990000000000000000e+02
1.726000000000000000e+03 1.632000000000000000e+03
1.727000000000000000e+03 1.199000000000000000e+03
1.727000000000000000e+03 1.265000000000000000e+03
1.736000000000000000e+03 1.290000000000000000e+03
1.759000000000000000e+03 1.905000000000000000e+03
1.765000000000000000e+03 3.040000000000000000e+02
1.771000000000000000e+03 1.921000000000000000e+03
1.808000000000000000e+03 3.400000000000000000e+01
1.809000000000000000e+03 2.620000000000000000e+02
1.818000000000000000e+03 2.890000000000000000e+02
1.825000000000000000e+03 2.890000000000000000e+02
1.832000000000000000e+03 4.000000000000000000e+00
1.834000000000000000e+03 5.000000000000000000e+00
1.835000000000000000e+03 1.912000000000000000e+03
1.840000000000000000e+03 1.910000000000000000e+03
1.904000000000000000e+03 5.540000000000000000e+02
1.904000000000000000e+03 5.680000000000000000e+02
1.904000000000000000e+03 6.130000000000000000e+02
1.911000000000000000e+03 6.130000000000000000e+02
1.912000000000000000e+03 1.700000000000000000e+02
1.914000000000000000e+03 1.927000000000000000e+03
1.918000000000000000e+03 1.917000000000000000e+03
1.928000000000000000e+03 1.528000000000000000e+03
1.937000000000000000e+03 9.450000000000000000e+02
1.941000000000000000e+03 9.250000000000000000e+02
1.942000000000000000e+03 2.240000000000000000e+02
1.946000000000000000e+03 8.750000000000000000e+02
1.946000000000000000e+03 1.263000000000000000e+03
1.947000000000000000e+03 9.250000000000000000e+02
1.953000000000000000e+03 1.287000000000000000e+03
1.968000000000000000e+03 1.180000000000000000e+02
1.974000000000000000e+03 1.674000000000000000e+03
1.976000000000000000e+03 1.681000000000000000e+03
1.977000000000000000e+03 9.500000000000000000e+01
1.993000000000000000e+03 1.820000000000000000e+02
1.994000000000000000e+03 6.000000000000000000e+00
1.995000000000000000e+03 7.200000000000000000e+01
2.018000000000000000e+03 4.860000000000000000e+02
2.022000000000000000e+03 3.200000000000000000e+02
2.028000000000000000e+03 1.340000000000000000e+02
2.049000000000000000e+03 4.180000000000000000e+02
2.065000000000000000e+03 1.390000000000000000e+02
2.069000000000000000e+03 4.920000000000000000e+02
2.077000000000000000e+03 4.490000000000000000e+02
2.080000000000000000e+03 1.196000000000000000e+03
2.084000000000000000e+03 1.263000000000000000e+03
2.085000000000000000e+03 2.800000000000000000e+02
2.085000000000000000e+03 1.217000000000000000e+03
2.100000000000000000e+03 1.460000000000000000e+02
2.108000000000000000e+03 6.650000000000000000e+02
2.111000000000000000e+03 1.602000000000000000e+03
2.120000000000000000e+03 1.616000000000000000e+03
2.148000000000000000e+03 4.980000000000000000e+02
2.161000000000000000e+03 3.700000000000000000e+02
2.163000000000000000e+03 1.260000000000000000e+03
2.167000000000000000e+03 1.196000000000000000e+03
2.168000000000000000e+03 1.150000000000000000e+03
2.172000000000000000e+03 1.284000000000000000e+03
2.178000000000000000e+03 1.119000000000000000e+03
2.179000000000000000e+03 1.112000000000000000e+03
2.180000000000000000e+03 1.081000000000000000e+03
2.181000000000000000e+03 4.970000000000000000e+02
2.190000000000000000e+03 1.044000000000000000e+03
2.191000000000000000e+03 1.059000000000000000e+03
2.197000000000000000e+03 1.532000000000000000e+03
2.202000000000000000e+03 1.761000000000000000e+03
2.209000000000000000e+03 6.720000000000000000e+02
2.222000000000000000e+03 1.588000000000000000e+03
2.235000000000000000e+03 2.300000000000000000e+02
2.269000000000000000e+03 6.290000000000000000e+02
2.275000000000000000e+03 3.980000000000000000e+02
2.280000000000000000e+03 9.130000000000000000e+02
2.285000000000000000e+03 1.113000000000000000e+03
2.294000000000000000e+03 1.649000000000000000e+03
2.306000000000000000e+03 4.990000000000000000e+02
2.313000000000000000e+03 3.960000000000000000e+02
2.316000000000000000e+03 1.340000000000000000e+02
2.323000000000000000e+03 1.126000000000000000e+03
2.327000000000000000e+03 8.800000000000000000e+02
2.327000000000000000e+03 1.503000000000000000e+03
2.331000000000000000e+03 2.890000000000000000e+02
2.337000000000000000e+03 6.790000000000000000e+02
2.349000000000000000e+03 1.039000000000000000e+03
2.353000000000000000e+03 3.260000000000000000e+02
2.360000000000000000e+03 1.287000000000000000e+03
2.365000000000000000e+03 3.050000000000000000e+02
2.368000000000000000e+03 3.950000000000000000e+02
2.369000000000000000e+03 1.156000000000000000e+03
2.373000000000000000e+03 1.119000000000000000e+03
2.374000000000000000e+03 1.559000000000000000e+03
2.377000000000000000e+03 4.960000000000000000e+02
2.383000000000000000e+03 9.570000000000000000e+02
2.386000000000000000e+03 3.320000000000000000e+02
2.394000000000000000e+03 5.040000000000000000e+02
2.394000000000000000e+03 1.018000000000000000e+03
2.397000000000000000e+03 8.770000000000000000e+02
2.398000000000000000e+03 9.810000000000000000e+02
2.403000000000000000e+03 1.497000000000000000e+03
2.412000000000000000e+03 1.940000000000000000e+02
2.416000000000000000e+03 1.370000000000000000e+02
2.421000000000000000e+03 8.720000000000000000e+02
2.431000000000000000e+03 1.216000000000000000e+03
2.433000000000000000e+03 4.000000000000000000e+02
2.436000000000000000e+03 9.740000000000000000e+02
2.466000000000000000e+03 6.850000000000000000e+02
2.470000000000000000e+03 1.220000000000000000e+03
2.472000000000000000e+03 8.940000000000000000e+02
2.476000000000000000e+03 1.479000000000000000e+03
2.498000000000000000e+03 1.218000000000000000e+03
2.500000000000000000e+03 8.790000000000000000e+02
2.518000000000000000e+03 1.293000000000000000e+03
2.524000000000000000e+03 1.020000000000000000e+03
2.526000000000000000e+03 1.463000000000000000e+03
2.527000000000000000e+03 1.750000000000000000e+03
2.528000000000000000e+03 1.294000000000000000e+03
2.536000000000000000e+03 8.980000000000000000e+02
2.558000000000000000e+03 1.080000000000000000e+02
2.568000000000000000e+03 4.110000000000000000e+02
2.571000000000000000e+03 5.040000000000000000e+02
2.618000000000000000e+03 4.910000000000000000e+02
2.631000000000000000e+03 3.940000000000000000e+02
2.637000000000000000e+03 1.657000000000000000e+03
2.639000000000000000e+03 4.160000000000000000e+02
2.639000000000000000e+03 1.126000000000000000e+03
2.641000000000000000e+03 3.600000000000000000e+02
2.643000000000000000e+03 3.600000000000000000e+01
2.654000000000000000e+03 7.810000000000000000e+02
2.661000000000000000e+03 1.037000000000000000e+03
2.668000000000000000e+03 3.400000000000000000e+01
2.668000000000000000e+03 1.285000000000000000e+03
2.692000000000000000e+03 1.693000000000000000e+03
2.708000000000000000e+03 4.040000000000000000e+02
2.736000000000000000e+03 1.606000000000000000e+03
2.738000000000000000e+03 1.559000000000000000e+03
2.749000000000000000e+03 1.601000000000000000e+03
2.752000000000000000e+03 1.551000000000000000e+03
2.753000000000000000e+03 1.608000000000000000e+03
2.757000000000000000e+03 1.230000000000000000e+02
2.766000000000000000e+03 5.200000000000000000e+02
2.766000000000000000e+03 6.950000000000000000e+02
2.770000000000000000e+03 4.300000000000000000e+01
2.771000000000000000e+03 1.612000000000000000e+03
2.777000000000000000e+03 9.520000000000000000e+02
2.777000000000000000e+03 1.014000000000000000e+03
2.778000000000000000e+03 1.076000000000000000e+03
2.780000000000000000e+03 1.138000000000000000e+03
2.781000000000000000e+03 1.021000000000000000e+03
2.782000000000000000e+03 1.175000000000000000e+03
2.788000000000000000e+03 1.584000000000000000e+03
2.790000000000000000e+03 1.578000000000000000e+03
2.791000000000000000e+03 1.588000000000000000e+03
2.793000000000000000e+03 1.203000000000000000e+03
2.798000000000000000e+03 4.520000000000000000e+02
2.798000000000000000e+03 1.622000000000000000e+03
2.802000000000000000e+03 4.480000000000000000e+02
2.812000000000000000e+03 1.553000000000000000e+03
2.815000000000000000e+03 6.350000000000000000e+02
2.815000000000000000e+03 8.050000000000000000e+02
2.816000000000000000e+03 2.490000000000000000e+02
2.816000000000000000e+03 1.608000000000000000e+03
2.822000000000000000e+03 1.767000000000000000e+03
2.826000000000000000e+03 1.615000000000000000e+03
2.839000000000000000e+03 6.320000000000000000e+02
2.845000000000000000e+03 6.250000000000000000e+02
2.846000000000000000e+03 1.605000000000000000e+03
2.860000000000000000e+03 1.140000000000000000e+02
2.864000000000000000e+03 3.630000000000000000e+02
2.871000000000000000e+03 1.010000000000000000e+02
2.871000000000000000e+03 1.140000000000000000e+02
2.875000000000000000e+03 1.273000000000000000e+03
2.876000000000000000e+03 1.279000000000000000e+03
2.876000000000000000e+03 1.284000000000000000e+03
2.876000000000000000e+03 1.290000000000000000e+03
2.876000000000000000e+03 1.295000000000000000e+03
2.876000000000000000e+03 1.300000000000000000e+03
2.884000000000000000e+03 1.142000000000000000e+03
2.885000000000000000e+03 4.860000000000000000e+02
2.885000000000000000e+03 4.950000000000000000e+02
2.887000000000000000e+03 1.088000000000000000e+03
2.888000000000000000e+03 1.132000000000000000e+03
2.891000000000000000e+03 1.095000000000000000e+03
2.892000000000000000e+03 6.020000000000000000e+02
2.893000000000000000e+03 1.126000000000000000e+03
2.894000000000000000e+03 5.990000000000000000e+02
2.895000000000000000e+03 1.132000000000000000e+03
2.903000000000000000e+03 1.111000000000000000e+03
2.904000000000000000e+03 1.274000000000000000e+03
2.904000000000000000e+03 1.279000000000000000e+03
2.904000000000000000e+03 1.284000000000000000e+03
2.904000000000000000e+03 1.290000000000000000e+03
2.904000000000000000e+03 1.295000000000000000e+03
2.905000000000000000e+03 1.301000000000000000e+03
2.910000000000000000e+03 1.111000000000000000e+03
2.918000000000000000e+03 4.200000000000000000e+01
2.918000000000000000e+03 1.132000000000000000e+03
2.922000000000000000e+03 1.094000000000000000e+03
2.923000000000000000e+03 2.460000000000000000e+02
2.928000000000000000e+03 4.550000000000000000e+02
2.929000000000000000e+03 5.950000000000000000e+02
2.948000000000000000e+03 6.230000000000000000e+02
2.984000000000000000e+03 4.290000000000000000e+02
3.016000000000000000e+03 1.484000000000000000e+03
3.025000000000000000e+03 1.485000000000000000e+03
3.028000000000000000e+03 1.110000000000000000e+03
3.030000000000000000e+03 3.820000000000000000e+02
3.032000000000000000e+03 6.350000000000000000e+02
3.038000000000000000e+03 1.175000000000000000e+03
1.800000000000000000e+01 1.055000000000000000e+03
1.570000000000000000e+02 5.510000000000000000e+02
2.510000000000000000e+02 1.143000000000000000e+03
2.630000000000000000e+02 2.760000000000000000e+02
5.000000000000000000e+02 1.347000000000000000e+03
5.600000000000000000e+02 5.120000000000000000e+02
8.240000000000000000e+02 6.230000000000000000e+02
9.040000000000000000e+02 4.460000000000000000e+02
1.234000000000000000e+03 1.155000000000000000e+03
1.300000000000000000e+03 2.830000000000000000e+02
1.319000000000000000e+03 2.840000000000000000e+02
1.516000000000000000e+03 7.580000000000000000e+02
1.577000000000000000e+03 9.350000000000000000e+02
1.588000000000000000e+03 9.520000000000000000e+02
1.595000000000000000e+03 9.220000000000000000e+02
1.891000000000000000e+03 6.500000000000000000e+01
1.899000000000000000e+03 5.500000000000000000e+01
1.912000000000000000e+03 1.700000000000000000e+02
1.939000000000000000e+03 9.240000000000000000e+02
1.946000000000000000e+03 2.210000000000000000e+02
1.963000000000000000e+03 3.090000000000000000e+02
1.968000000000000000e+03 1.180000000000000000e+02
1.970000000000000000e+03 3.300000000000000000e+01
1.978000000000000000e+03 1.610000000000000000e+02
2.021000000000000000e+03 1.060000000000000000e+02
2.209000000000000000e+03 6.720000000000000000e+02
2.291000000000000000e+03 1.194000000000000000e+03
2.297000000000000000e+03 1.656000000000000000e+03
2.307000000000000000e+03 4.990000000000000000e+02
2.331000000000000000e+03 2.890000000000000000e+02
2.369000000000000000e+03 1.156000000000000000e+03
2.383000000000000000e+03 9.570000000000000000e+02
2.393000000000000000e+03 9.700000000000000000e+02
2.413000000000000000e+03 1.298000000000000000e+03
2.420000000000000000e+03 8.720000000000000000e+02
2.459000000000000000e+03 1.219000000000000000e+03
2.461000000000000000e+03 3.020000000000000000e+02
2.489000000000000000e+03 1.331000000000000000e+03
2.561000000000000000e+03 3.740000000000000000e+02
2.629000000000000000e+03 1.356000000000000000e+03
2.749000000000000000e+03 1.601000000000000000e+03
2.764000000000000000e+03 8.550000000000000000e+02
2.765000000000000000e+03 1.558000000000000000e+03
2.768000000000000000e+03 5.910000000000000000e+02
2.769000000000000000e+03 6.290000000000000000e+02
2.775000000000000000e+03 7.400000000000000000e+02
2.794000000000000000e+03 1.203000000000000000e+03
2.816000000000000000e+03 1.608000000000000000e+03
2.859000000000000000e+03 1.010000000000000000e+02
2.876000000000000000e+03 3.630000000000000000e+02
2.880000000000000000e+03 4.910000000000000000e+02
2.880000000000000000e+03 8.760000000000000000e+02
2.882000000000000000e+03 4.370000000000000000e+02
2.893000000000000000e+03 6.000000000000000000e+02
2.893000000000000000e+03 1.126000000000000000e+03
2.903000000000000000e+03 1.111000000000000000e+03
2.918000000000000000e+03 4.200000000000000000e+01
2.920000000000000000e+03 1.126000000000000000e+03
3.016000000000000000e+03 1.484000000000000000e+03
3.025000000000000000e+03 1.485000000000000000e+03
1.140000000000000000e+02 1.417000000000000000e+03
1.590000000000000000e+02 6.390000000000000000e+02
2.010000000000000000e+02 3.700000000000000000e+01
2.440000000000000000e+02 1.143000000000000000e+03
2.520000000000000000e+02 1.143000000000000000e+03
3.410000000000000000e+02 6.210000000000000000e+02
4.130000000000000000e+02 1.900000000000000000e+01
4.140000000000000000e+02 4.100000000000000000e+01
4.520000000000000000e+02 1.986000000000000000e+03
5.000000000000000000e+02 1.346000000000000000e+03
6.520000000000000000e+02 8.420000000000000000e+02
6.550000000000000000e+02 4.220000000000000000e+02
6.580000000000000000e+02 7.800000000000000000e+02
7.380000000000000000e+02 1.826000000000000000e+03
7.410000000000000000e+02 1.826000000000000000e+03
8.420000000000000000e+02 2.140000000000000000e+02
8.440000000000000000e+02 6.310000000000000000e+02
8.450000000000000000e+02 1.746000000000000000e+03
8.550000000000000000e+02 1.533000000000000000e+03
9.050000000000000000e+02 2.020000000000000000e+02
9.130000000000000000e+02 1.205000000000000000e+03
9.140000000000000000e+02 2.130000000000000000e+02
9.680000000000000000e+02 8.320000000000000000e+02
9.730000000000000000e+02 1.210000000000000000e+02
1.017000000000000000e+03 1.204000000000000000e+03
1.066000000000000000e+03 9.000000000000000000e+01
1.069000000000000000e+03 6.140000000000000000e+02
1.137000000000000000e+03 5.890000000000000000e+02
1.166000000000000000e+03 1.203000000000000000e+03
1.263000000000000000e+03 1.202000000000000000e+03
1.407000000000000000e+03 2.870000000000000000e+02
1.409000000000000000e+03 2.630000000000000000e+02
1.418000000000000000e+03 1.520000000000000000e+02
1.440000000000000000e+03 4.310000000000000000e+02
1.476000000000000000e+03 4.910000000000000000e+02
1.510000000000000000e+03 1.300000000000000000e+01
1.516000000000000000e+03 1.300000000000000000e+01
1.533000000000000000e+03 4.360000000000000000e+02
1.560000000000000000e+03 9.270000000000000000e+02
1.560000000000000000e+03 9.320000000000000000e+02
1.576000000000000000e+03 9.220000000000000000e+02
1.727000000000000000e+03 1.265000000000000000e+03
1.736000000000000000e+03 1.290000000000000000e+03
1.769000000000000000e+03 2.880000000000000000e+02
1.808000000000000000e+03 3.400000000000000000e+01
1.835000000000000000e+03 1.912000000000000000e+03
1.861000000000000000e+03 1.196000000000000000e+03
1.891000000000000000e+03 6.500000000000000000e+01
1.912000000000000000e+03 1.710000000000000000e+02
1.946000000000000000e+03 9.130000000000000000e+02
1.947000000000000000e+03 1.218000000000000000e+03
1.950000000000000000e+03 1.197000000000000000e+03
1.969000000000000000e+03 1.659000000000000000e+03
1.997000000000000000e+03 1.720000000000000000e+02
2.001000000000000000e+03 1.220000000000000000e+02
2.051000000000000000e+03 1.080000000000000000e+02
2.080000000000000000e+03 1.196000000000000000e+03
2.085000000000000000e+03 2.800000000000000000e+02
2.141000000000000000e+03 5.360000000000000000e+02
2.148000000000000000e+03 4.980000000000000000e+02
2.167000000000000000e+03 1.196000000000000000e+03
2.168000000000000000e+03 4.130000000000000000e+02
2.191000000000000000e+03 4.510000000000000000e+02
2.199000000000000000e+03 1.344000000000000000e+03
2.317000000000000000e+03 1.500000000000000000e+02
2.365000000000000000e+03 7.980000000000000000e+02
2.398000000000000000e+03 9.820000000000000000e+02
2.406000000000000000e+03 5.060000000000000000e+02
2.411000000000000000e+03 2.910000000000000000e+02
2.488000000000000000e+03 1.330000000000000000e+03
2.518000000000000000e+03 1.293000000000000000e+03
2.551000000000000000e+03 4.190000000000000000e+02
2.567000000000000000e+03 4.110000000000000000e+02
2.571000000000000000e+03 5.040000000000000000e+02
2.622000000000000000e+03 1.481000000000000000e+03
2.634000000000000000e+03 5.140000000000000000e+02
2.639000000000000000e+03 4.160000000000000000e+02
2.702000000000000000e+03 1.695000000000000000e+03
2.736000000000000000e+03 1.606000000000000000e+03
2.757000000000000000e+03 1.240000000000000000e+02
2.769000000000000000e+03 6.290000000000000000e+02
2.780000000000000000e+03 1.138000000000000000e+03
2.783000000000000000e+03 1.460000000000000000e+03
2.846000000000000000e+03 1.606000000000000000e+03
2.872000000000000000e+03 1.140000000000000000e+02
2.884000000000000000e+03 1.142000000000000000e+03
2.893000000000000000e+03 6.000000000000000000e+02
2.894000000000000000e+03 1.126000000000000000e+03
2.910000000000000000e+03 1.111000000000000000e+03
2.919000000000000000e+03 6.500000000000000000e+02
2.935000000000000000e+03 6.900000000000000000e+02
2.984000000000000000e+03 4.290000000000000000e+02
3.016000000000000000e+03 1.484000000000000000e+03
6.000000000000000000e+01 1.709000000000000000e+03
8.300000000000000000e+01 6.900000000000000000e+02
8.500000000000000000e+01 1.415000000000000000e+03
1.250000000000000000e+02 1.394000000000000000e+03
1.310000000000000000e+02 7.130000000000000000e+02
1.480000000000000000e+02 1.388000000000000000e+03
1.500000000000000000e+02 1.054000000000000000e+03
1.810000000000000000e+02 6.280000000000000000e+02
1.930000000000000000e+02 1.186000000000000000e+03
2.580000000000000000e+02 1.341000000000000000e+03
2.900000000000000000e+02 1.105000000000000000e+03
3.200000000000000000e+02 1.132000000000000000e+03
3.880000000000000000e+02 1.080000000000000000e+03
4.760000000000000000e+02 1.302000000000000000e+03
5.120000000000000000e+02 4.720000000000000000e+02
5.240000000000000000e+02 8.590000000000000000e+02
5.310000000000000000e+02 1.940000000000000000e+02
5.640000000000000000e+02 1.030000000000000000e+03
6.320000000000000000e+02 1.653000000000000000e+03
6.560000000000000000e+02 7.890000000000000000e+02
6.670000000000000000e+02 6.160000000000000000e+02
7.170000000000000000e+02 3.800000000000000000e+02
7.290000000000000000e+02 1.270000000000000000e+02
7.320000000000000000e+02 1.234000000000000000e+03
7.580000000000000000e+02 1.207000000000000000e+03
7.620000000000000000e+02 2.970000000000000000e+02
7.640000000000000000e+02 3.080000000000000000e+02
7.720000000000000000e+02 3.980000000000000000e+02
8.810000000000000000e+02 9.400000000000000000e+01
9.210000000000000000e+02 1.278000000000000000e+03
9.330000000000000000e+02 8.070000000000000000e+02
9.450000000000000000e+02 7.690000000000000000e+02
9.630000000000000000e+02 8.610000000000000000e+02
9.750000000000000000e+02 8.480000000000000000e+02
1.012000000000000000e+03 1.277000000000000000e+03
1.017000000000000000e+03 1.300000000000000000e+03
1.059000000000000000e+03 2.770000000000000000e+02
1.093000000000000000e+03 2.390000000000000000e+02
1.114000000000000000e+03 5.190000000000000000e+02
1.263000000000000000e+03 1.203000000000000000e+03
1.337000000000000000e+03 1.784000000000000000e+03
1.359000000000000000e+03 3.790000000000000000e+02
1.426000000000000000e+03 3.700000000000000000e+02
1.455000000000000000e+03 7.620000000000000000e+02
1.459000000000000000e+03 7.820000000000000000e+02
1.477000000000000000e+03 4.910000000000000000e+02
1.504000000000000000e+03 1.294000000000000000e+03
1.513000000000000000e+03 4.770000000000000000e+02
1.542000000000000000e+03 7.950000000000000000e+02
1.578000000000000000e+03 4.790000000000000000e+02
1.603000000000000000e+03 9.850000000000000000e+02
1.657000000000000000e+03 1.006000000000000000e+03
1.659000000000000000e+03 9.880000000000000000e+02
1.661000000000000000e+03 5.000000000000000000e+02
1.672000000000000000e+03 1.020000000000000000e+03
1.717000000000000000e+03 3.710000000000000000e+02
1.758000000000000000e+03 1.720000000000000000e+02
1.760000000000000000e+03 1.710000000000000000e+02
1.823000000000000000e+03 2.210000000000000000e+02
1.834000000000000000e+03 1.912000000000000000e+03
1.845000000000000000e+03 6.410000000000000000e+02
1.899000000000000000e+03 5.440000000000000000e+02
1.904000000000000000e+03 5.600000000000000000e+02
1.918000000000000000e+03 1.917000000000000000e+03
1.929000000000000000e+03 9.140000000000000000e+02
1.939000000000000000e+03 1.620000000000000000e+02
1.947000000000000000e+03 1.217000000000000000e+03
1.950000000000000000e+03 1.198000000000000000e+03
1.962000000000000000e+03 3.100000000000000000e+02
1.977000000000000000e+03 9.600000000000000000e+01
2.012000000000000000e+03 1.930000000000000000e+02
2.047000000000000000e+03 1.660000000000000000e+02
2.057000000000000000e+03 7.230000000000000000e+02
2.084000000000000000e+03 1.263000000000000000e+03
2.085000000000000000e+03 1.060000000000000000e+02
2.103000000000000000e+03 1.810000000000000000e+02
2.163000000000000000e+03 1.260000000000000000e+03
2.172000000000000000e+03 1.283000000000000000e+03
2.190000000000000000e+03 1.044000000000000000e+03
2.219000000000000000e+03 1.574000000000000000e+03
2.228000000000000000e+03 1.044000000000000000e+03
2.243000000000000000e+03 7.860000000000000000e+02
2.282000000000000000e+03 9.130000000000000000e+02
2.299000000000000000e+03 1.259000000000000000e+03
2.306000000000000000e+03 5.570000000000000000e+02
2.306000000000000000e+03 8.750000000000000000e+02
2.306000000000000000e+03 1.706000000000000000e+03
2.311000000000000000e+03 4.050000000000000000e+02
2.340000000000000000e+03 1.580000000000000000e+02
2.355000000000000000e+03 4.780000000000000000e+02
2.368000000000000000e+03 4.780000000000000000e+02
2.395000000000000000e+03 9.870000000000000000e+02
2.409000000000000000e+03 9.770000000000000000e+02
2.409000000000000000e+03 1.595000000000000000e+03
2.457000000000000000e+03 1.205000000000000000e+03
2.458000000000000000e+03 5.010000000000000000e+02
2.459000000000000000e+03 1.190000000000000000e+03
2.462000000000000000e+03 1.198000000000000000e+03
2.473000000000000000e+03 8.960000000000000000e+02
2.527000000000000000e+03 1.750000000000000000e+03
2.536000000000000000e+03 8.980000000000000000e+02
2.550000000000000000e+03 1.022000000000000000e+03
2.575000000000000000e+03 5.010000000000000000e+02
2.618000000000000000e+03 4.910000000000000000e+02
2.629000000000000000e+03 1.656000000000000000e+03
2.631000000000000000e+03 3.940000000000000000e+02
2.655000000000000000e+03 7.810000000000000000e+02
2.664000000000000000e+03 8.270000000000000000e+02
2.665000000000000000e+03 5.300000000000000000e+01
2.714000000000000000e+03 3.100000000000000000e+02
2.740000000000000000e+03 2.510000000000000000e+02
2.769000000000000000e+03 6.290000000000000000e+02
2.770000000000000000e+03 6.420000000000000000e+02
2.794000000000000000e+03 1.204000000000000000e+03
2.873000000000000000e+03 1.142000000000000000e+03
2.902000000000000000e+03 1.111000000000000000e+03
2.996000000000000000e+03 4.540000000000000000e+02
3.016000000000000000e+03 1.484000000000000000e+03
7.000000000000000000e+00 1.600000000000000000e+02
1.360000000000000000e+02 1.189000000000000000e+03
1.440000000000000000e+02 7.900000000000000000e+01
1.500000000000000000e+02 1.371000000000000000e+03
1.980000000000000000e+02 1.091000000000000000e+03
2.090000000000000000e+02 5.210000000000000000e+02
2.110000000000000000e+02 1.179000000000000000e+03
2.430000000000000000e+02 1.780000000000000000e+02
2.470000000000000000e+02 1.550000000000000000e+02
2.510000000000000000e+02 2.650000000000000000e+02
2.790000000000000000e+02 1.666000000000000000e+03
3.010000000000000000e+02 1.187000000000000000e+03
3.040000000000000000e+02 1.095000000000000000e+03
3.050000000000000000e+02 8.550000000000000000e+02
3.060000000000000000e+02 1.244000000000000000e+03
4.740000000000000000e+02 1.983000000000000000e+03
5.270000000000000000e+02 1.391000000000000000e+03
5.850000000000000000e+02 1.393000000000000000e+03
6.670000000000000000e+02 1.731000000000000000e+03
7.290000000000000000e+02 1.260000000000000000e+02
7.300000000000000000e+02 3.460000000000000000e+02
8.060000000000000000e+02 4.530000000000000000e+02
8.160000000000000000e+02 1.290000000000000000e+03
8.370000000000000000e+02 5.300000000000000000e+02
8.670000000000000000e+02 1.695000000000000000e+03
9.140000000000000000e+02 2.570000000000000000e+02
9.180000000000000000e+02 1.228000000000000000e+03
9.890000000000000000e+02 7.530000000000000000e+02
9.920000000000000000e+02 6.820000000000000000e+02
9.970000000000000000e+02 6.680000000000000000e+02
1.003000000000000000e+03 9.840000000000000000e+02
1.016000000000000000e+03 1.205000000000000000e+03
1.087000000000000000e+03 8.810000000000000000e+02
1.115000000000000000e+03 7.670000000000000000e+02
1.119000000000000000e+03 8.590000000000000000e+02
1.170000000000000000e+03 1.274000000000000000e+03
1.331000000000000000e+03 2.890000000000000000e+02
1.364000000000000000e+03 1.954000000000000000e+03
1.373000000000000000e+03 8.360000000000000000e+02
1.411000000000000000e+03 1.271000000000000000e+03
1.470000000000000000e+03 7.100000000000000000e+02
1.493000000000000000e+03 7.000000000000000000e+00
1.507000000000000000e+03 9.190000000000000000e+02
1.524000000000000000e+03 1.897000000000000000e+03
1.526000000000000000e+03 9.050000000000000000e+02
1.528000000000000000e+03 1.897000000000000000e+03
1.531000000000000000e+03 9.280000000000000000e+02
1.542000000000000000e+03 9.190000000000000000e+02
1.605000000000000000e+03 9.180000000000000000e+02
1.718000000000000000e+03 3.700000000000000000e+02
1.728000000000000000e+03 1.199000000000000000e+03
1.729000000000000000e+03 9.390000000000000000e+02
1.753000000000000000e+03 1.926000000000000000e+03
1.840000000000000000e+03 1.910000000000000000e+03
1.870000000000000000e+03 1.218000000000000000e+03
1.870000000000000000e+03 1.264000000000000000e+03
1.897000000000000000e+03 9.240000000000000000e+02
1.899000000000000000e+03 6.130000000000000000e+02
1.901000000000000000e+03 2.660000000000000000e+02
1.903000000000000000e+03 3.320000000000000000e+02
1.911000000000000000e+03 5.610000000000000000e+02
1.913000000000000000e+03 1.720000000000000000e+02
1.928000000000000000e+03 1.528000000000000000e+03
1.934000000000000000e+03 8.170000000000000000e+02
1.938000000000000000e+03 7.130000000000000000e+02
1.945000000000000000e+03 1.263000000000000000e+03
1.953000000000000000e+03 1.286000000000000000e+03
1.998000000000000000e+03 4.540000000000000000e+02
2.019000000000000000e+03 3.270000000000000000e+02
2.045000000000000000e+03 7.200000000000000000e+01
2.056000000000000000e+03 1.630000000000000000e+02
2.123000000000000000e+03 1.185000000000000000e+03
2.153000000000000000e+03 1.119000000000000000e+03
2.164000000000000000e+03 1.216000000000000000e+03
2.179000000000000000e+03 1.112000000000000000e+03
2.205000000000000000e+03 1.554000000000000000e+03
2.220000000000000000e+03 1.545000000000000000e+03
2.227000000000000000e+03 1.589000000000000000e+03
2.229000000000000000e+03 1.061000000000000000e+03
2.275000000000000000e+03 7.950000000000000000e+02
2.298000000000000000e+03 1.215000000000000000e+03
2.299000000000000000e+03 1.069000000000000000e+03
2.306000000000000000e+03 5.580000000000000000e+02
2.367000000000000000e+03 1.078000000000000000e+03
2.409000000000000000e+03 2.005000000000000000e+03
2.452000000000000000e+03 5.810000000000000000e+02
2.466000000000000000e+03 7.500000000000000000e+02
2.549000000000000000e+03 2.980000000000000000e+02
2.556000000000000000e+03 1.306000000000000000e+03
2.557000000000000000e+03 1.006000000000000000e+03
2.564000000000000000e+03 4.140000000000000000e+02
2.575000000000000000e+03 5.000000000000000000e+02
2.598000000000000000e+03 5.120000000000000000e+02
2.630000000000000000e+03 3.940000000000000000e+02
2.640000000000000000e+03 4.160000000000000000e+02
2.649000000000000000e+03 1.140000000000000000e+02
2.656000000000000000e+03 9.850000000000000000e+02
2.732000000000000000e+03 1.361000000000000000e+03
2.748000000000000000e+03 9.290000000000000000e+02
2.765000000000000000e+03 1.298000000000000000e+03
2.772000000000000000e+03 1.610000000000000000e+03
2.777000000000000000e+03 7.990000000000000000e+02
2.777000000000000000e+03 9.520000000000000000e+02
2.779000000000000000e+03 9.400000000000000000e+02
2.780000000000000000e+03 1.139000000000000000e+03
2.791000000000000000e+03 1.577000000000000000e+03
2.791000000000000000e+03 1.589000000000000000e+03
2.807000000000000000e+03 2.600000000000000000e+01
2.816000000000000000e+03 8.220000000000000000e+02
2.816000000000000000e+03 1.767000000000000000e+03
2.824000000000000000e+03 1.024000000000000000e+03
2.845000000000000000e+03 6.250000000000000000e+02
2.861000000000000000e+03 1.534000000000000000e+03
2.862000000000000000e+03 4.060000000000000000e+02
2.888000000000000000e+03 1.132000000000000000e+03
2.922000000000000000e+03 6.160000000000000000e+02
2.968000000000000000e+03 1.050000000000000000e+02
2.976000000000000000e+03 4.300000000000000000e+02
3.025000000000000000e+03 4.200000000000000000e+02
3.029000000000000000e+03 6.420000000000000000e+02
3.043000000000000000e+03 8.510000000000000000e+02
1.000000000000000000e+01 1.115000000000000000e+03
6.700000000000000000e+01 4.070000000000000000e+02
1.650000000000000000e+02 3.750000000000000000e+02
1.840000000000000000e+02 1.350000000000000000e+03
2.050000000000000000e+02 1.099000000000000000e+03
2.130000000000000000e+02 5.890000000000000000e+02
2.850000000000000000e+02 1.182000000000000000e+03
3.030000000000000000e+02 1.096000000000000000e+03
3.350000000000000000e+02 3.550000000000000000e+02
3.610000000000000000e+02 1.243000000000000000e+03
5.200000000000000000e+02 1.385000000000000000e+03
5.260000000000000000e+02 1.631000000000000000e+03
5.310000000000000000e+02 1.356000000000000000e+03
5.410000000000000000e+02 1.480000000000000000e+02
5.570000000000000000e+02 6.830000000000000000e+02
5.990000000000000000e+02 1.186000000000000000e+03
6.180000000000000000e+02 1.542000000000000000e+03
6.480000000000000000e+02 2.014000000000000000e+03
7.130000000000000000e+02 9.650000000000000000e+02
7.150000000000000000e+02 3.280000000000000000e+02
7.550000000000000000e+02 1.229000000000000000e+03
7.580000000000000000e+02 1.208000000000000000e+03
7.950000000000000000e+02 9.100000000000000000e+01
8.270000000000000000e+02 2.140000000000000000e+02
8.370000000000000000e+02 1.056000000000000000e+03
8.570000000000000000e+02 1.112000000000000000e+03
8.580000000000000000e+02 1.679000000000000000e+03
8.670000000000000000e+02 1.693000000000000000e+03
8.860000000000000000e+02 1.162000000000000000e+03
8.930000000000000000e+02 1.050000000000000000e+02
9.130000000000000000e+02 8.420000000000000000e+02
1.011000000000000000e+03 1.227000000000000000e+03
1.015000000000000000e+03 1.299000000000000000e+03
1.018000000000000000e+03 8.920000000000000000e+02
1.119000000000000000e+03 6.930000000000000000e+02
1.119000000000000000e+03 8.600000000000000000e+02
1.129000000000000000e+03 9.030000000000000000e+02
1.147000000000000000e+03 1.566000000000000000e+03
1.153000000000000000e+03 6.160000000000000000e+02
1.179000000000000000e+03 3.580000000000000000e+02
1.182000000000000000e+03 2.520000000000000000e+02
1.255000000000000000e+03 1.115000000000000000e+03
1.318000000000000000e+03 1.009000000000000000e+03
1.322000000000000000e+03 1.992000000000000000e+03
1.324000000000000000e+03 1.059000000000000000e+03
1.333000000000000000e+03 1.627000000000000000e+03
1.334000000000000000e+03 5.780000000000000000e+02
1.342000000000000000e+03 8.790000000000000000e+02
1.357000000000000000e+03 1.058000000000000000e+03
1.365000000000000000e+03 1.954000000000000000e+03
1.411000000000000000e+03 1.222000000000000000e+03
1.413000000000000000e+03 2.980000000000000000e+02
1.432000000000000000e+03 4.900000000000000000e+02
1.457000000000000000e+03 7.310000000000000000e+02
1.499000000000000000e+03 6.940000000000000000e+02
1.507000000000000000e+03 9.180000000000000000e+02
1.518000000000000000e+03 1.526000000000000000e+03
1.525000000000000000e+03 4.810000000000000000e+02
1.525000000000000000e+03 1.673000000000000000e+03
1.531000000000000000e+03 9.290000000000000000e+02
1.555000000000000000e+03 1.623000000000000000e+03
1.567000000000000000e+03 1.187000000000000000e+03
1.569000000000000000e+03 8.760000000000000000e+02
1.589000000000000000e+03 6.010000000000000000e+02
1.595000000000000000e+03 1.005000000000000000e+03
1.629000000000000000e+03 1.800000000000000000e+01
1.645000000000000000e+03 1.221000000000000000e+03
1.680000000000000000e+03 3.770000000000000000e+02
1.695000000000000000e+03 1.690000000000000000e+02
1.712000000000000000e+03 1.589000000000000000e+03
1.726000000000000000e+03 1.631000000000000000e+03
1.727000000000000000e+03 1.218000000000000000e+03
1.732000000000000000e+03 3.180000000000000000e+02
1.735000000000000000e+03 9.740000000000000000e+02
1.735000000000000000e+03 1.289000000000000000e+03
1.760000000000000000e+03 1.906000000000000000e+03
1.764000000000000000e+03 8.090000000000000000e+02
1.766000000000000000e+03 1.628000000000000000e+03
1.807000000000000000e+03 2.560000000000000000e+02
1.808000000000000000e+03 1.220000000000000000e+03
1.832000000000000000e+03 9.020000000000000000e+02
1.880000000000000000e+03 1.043000000000000000e+03
1.904000000000000000e+03 3.320000000000000000e+02
1.909000000000000000e+03 8.040000000000000000e+02
1.920000000000000000e+03 1.675000000000000000e+03
1.937000000000000000e+03 1.923000000000000000e+03
1.952000000000000000e+03 1.285000000000000000e+03
1.958000000000000000e+03 1.607000000000000000e+03
1.963000000000000000e+03 2.200000000000000000e+01
2.006000000000000000e+03 1.080000000000000000e+02
2.016000000000000000e+03 8.100000000000000000e+01
2.017000000000000000e+03 4.840000000000000000e+02
2.068000000000000000e+03 2.790000000000000000e+02
2.085000000000000000e+03 1.216000000000000000e+03
2.113000000000000000e+03 6.030000000000000000e+02
2.118000000000000000e+03 1.558000000000000000e+03
2.127000000000000000e+03 1.666000000000000000e+03
2.164000000000000000e+03 1.215000000000000000e+03
2.171000000000000000e+03 1.282000000000000000e+03
2.178000000000000000e+03 1.119000000000000000e+03
2.203000000000000000e+03 1.761000000000000000e+03
2.274000000000000000e+03 3.970000000000000000e+02
2.291000000000000000e+03 8.130000000000000000e+02
2.294000000000000000e+03 1.090000000000000000e+02
2.298000000000000000e+03 1.214000000000000000e+03
2.322000000000000000e+03 9.550000000000000000e+02
2.335000000000000000e+03 5.120000000000000000e+02
2.365000000000000000e+03 1.099000000000000000e+03
2.366000000000000000e+03 1.171000000000000000e+03
2.369000000000000000e+03 1.456000000000000000e+03
2.390000000000000000e+03 1.032000000000000000e+03
2.403000000000000000e+03 2.180000000000000000e+02
2.413000000000000000e+03 1.073000000000000000e+03
2.416000000000000000e+03 5.940000000000000000e+02
2.461000000000000000e+03 1.710000000000000000e+02
2.482000000000000000e+03 1.429000000000000000e+03
2.483000000000000000e+03 1.395000000000000000e+03
2.506000000000000000e+03 3.000000000000000000e+01
2.512000000000000000e+03 7.510000000000000000e+02
2.514000000000000000e+03 6.650000000000000000e+02
2.519000000000000000e+03 1.050000000000000000e+02
2.520000000000000000e+03 8.970000000000000000e+02
2.524000000000000000e+03 3.700000000000000000e+01
2.552000000000000000e+03 1.329000000000000000e+03
2.575000000000000000e+03 4.990000000000000000e+02
2.588000000000000000e+03 1.191000000000000000e+03
2.597000000000000000e+03 9.900000000000000000e+02
2.602000000000000000e+03 1.307000000000000000e+03
2.642000000000000000e+03 8.650000000000000000e+02
2.656000000000000000e+03 4.140000000000000000e+02
2.694000000000000000e+03 1.335000000000000000e+03
2.737000000000000000e+03 1.606000000000000000e+03
2.777000000000000000e+03 7.980000000000000000e+02
2.791000000000000000e+03 1.576000000000000000e+03
2.791000000000000000e+03 1.590000000000000000e+03
2.808000000000000000e+03 1.557000000000000000e+03
2.812000000000000000e+03 2.210000000000000000e+02
2.813000000000000000e+03 1.650000000000000000e+02
2.813000000000000000e+03 1.930000000000000000e+02
2.814000000000000000e+03 2.690000000000000000e+02
2.818000000000000000e+03 8.480000000000000000e+02
2.822000000000000000e+03 1.000000000000000000e+03
2.822000000000000000e+03 1.116000000000000000e+03
2.823000000000000000e+03 9.660000000000000000e+02
2.824000000000000000e+03 1.093000000000000000e+03
2.830000000000000000e+03 6.720000000000000000e+02
2.855000000000000000e+03 5.770000000000000000e+02
2.860000000000000000e+03 1.533000000000000000e+03
2.867000000000000000e+03 4.290000000000000000e+02
2.888000000000000000e+03 1.131000000000000000e+03
2.912000000000000000e+03 2.300000000000000000e+01
2.918000000000000000e+03 1.500000000000000000e+02
2.919000000000000000e+03 1.640000000000000000e+02
2.919000000000000000e+03 1.910000000000000000e+02
2.920000000000000000e+03 2.230000000000000000e+02
2.921000000000000000e+03 2.500000000000000000e+02
2.922000000000000000e+03 7.990000000000000000e+02
2.922000000000000000e+03 8.240000000000000000e+02
2.923000000000000000e+03 3.470000000000000000e+02
2.924000000000000000e+03 8.530000000000000000e+02
2.925000000000000000e+03 9.050000000000000000e+02
2.925000000000000000e+03 9.380000000000000000e+02
2.977000000000000000e+03 4.540000000000000000e+02
2.994000000000000000e+03 7.370000000000000000e+02
3.034000000000000000e+03 4.200000000000000000e+02
3.042000000000000000e+03 9.190000000000000000e+02
3.043000000000000000e+03 9.880000000000000000e+02
3.044000000000000000e+03 1.056000000000000000e+03
3.045000000000000000e+03 1.126000000000000000e+03
3.046000000000000000e+03 7.120000000000000000e+02
3.046000000000000000e+03 1.191000000000000000e+03
3.048000000000000000e+03 7.810000000000000000e+02
3.049000000000000000e+03 4.100000000000000000e+01
3.900000000000000000e+01 1.253000000000000000e+03
8.200000000000000000e+01 5.080000000000000000e+02
1.330000000000000000e+02 9.780000000000000000e+02
1.440000000000000000e+02 7.800000000000000000e+01
1.990000000000000000e+02 1.091000000000000000e+03
2.050000000000000000e+02 1.098000000000000000e+03
2.090000000000000000e+02 2.790000000000000000e+02
2.590000000000000000e+02 7.410000000000000000e+02
2.620000000000000000e+02 1.514000000000000000e+03
3.000000000000000000e+02 1.188000000000000000e+03
3.940000000000000000e+02 1.780000000000000000e+02
3.960000000000000000e+02 2.690000000000000000e+02
4.010000000000000000e+02 4.300000000000000000e+02
4.320000000000000000e+02 1.067000000000000000e+03
4.490000000000000000e+02 1.128000000000000000e+03
4.900000000000000000e+02 9.450000000000000000e+02
4.990000000000000000e+02 5.110000000000000000e+02
5.600000000000000000e+02 1.920000000000000000e+02
6.430000000000000000e+02 7.730000000000000000e+02
6.450000000000000000e+02 1.884000000000000000e+03
6.750000000000000000e+02 5.420000000000000000e+02
6.890000000000000000e+02 7.780000000000000000e+02
7.290000000000000000e+02 1.800000000000000000e+02
7.570000000000000000e+02 2.760000000000000000e+02
7.970000000000000000e+02 7.600000000000000000e+02
8.570000000000000000e+02 1.111000000000000000e+03
8.660000000000000000e+02 1.692000000000000000e+03
9.420000000000000000e+02 1.492000000000000000e+03
9.640000000000000000e+02 1.052000000000000000e+03
9.980000000000000000e+02 1.052000000000000000e+03
1.032000000000000000e+03 2.260000000000000000e+02
1.074000000000000000e+03 1.200000000000000000e+02
1.093000000000000000e+03 2.770000000000000000e+02
1.106000000000000000e+03 6.850000000000000000e+02
1.108000000000000000e+03 1.907000000000000000e+03
1.128000000000000000e+03 7.800000000000000000e+02
1.147000000000000000e+03 5.690000000000000000e+02
1.165000000000000000e+03 9.440000000000000000e+02
1.260000000000000000e+03 1.294000000000000000e+03
1.317000000000000000e+03 8.220000000000000000e+02
1.318000000000000000e+03 1.010000000000000000e+03
1.333000000000000000e+03 7.860000000000000000e+02
1.342000000000000000e+03 8.780000000000000000e+02
1.357000000000000000e+03 8.740000000000000000e+02
1.366000000000000000e+03 9.220000000000000000e+02
1.379000000000000000e+03 8.230000000000000000e+02
1.380000000000000000e+03 1.010000000000000000e+03
1.394000000000000000e+03 1.140000000000000000e+03
1.450000000000000000e+03 5.890000000000000000e+02
1.466000000000000000e+03 1.700000000000000000e+03
1.469000000000000000e+03 7.100000000000000000e+02
1.499000000000000000e+03 6.950000000000000000e+02
1.508000000000000000e+03 9.170000000000000000e+02
1.537000000000000000e+03 8.010000000000000000e+02
1.546000000000000000e+03 1.197000000000000000e+03
1.549000000000000000e+03 1.770000000000000000e+02
1.554000000000000000e+03 9.930000000000000000e+02
1.569000000000000000e+03 8.780000000000000000e+02
1.621000000000000000e+03 3.580000000000000000e+02
1.642000000000000000e+03 6.060000000000000000e+02
1.691000000000000000e+03 7.450000000000000000e+02
1.692000000000000000e+03 1.040000000000000000e+03
1.731000000000000000e+03 1.576000000000000000e+03
1.734000000000000000e+03 7.960000000000000000e+02
1.735000000000000000e+03 1.633000000000000000e+03
1.745000000000000000e+03 1.611000000000000000e+03
1.756000000000000000e+03 9.070000000000000000e+02
1.757000000000000000e+03 8.320000000000000000e+02
1.757000000000000000e+03 1.627000000000000000e+03
1.759000000000000000e+03 1.059000000000000000e+03
1.761000000000000000e+03 1.907000000000000000e+03
1.763000000000000000e+03 8.320000000000000000e+02
1.764000000000000000e+03 8.100000000000000000e+02
1.766000000000000000e+03 9.270000000000000000e+02
1.778000000000000000e+03 8.320000000000000000e+02
1.837000000000000000e+03 9.010000000000000000e+02
1.877000000000000000e+03 1.684000000000000000e+03
1.912000000000000000e+03 2.390000000000000000e+02
1.915000000000000000e+03 1.674000000000000000e+03
1.921000000000000000e+03 9.250000000000000000e+02
1.927000000000000000e+03 7.330000000000000000e+02
1.933000000000000000e+03 7.660000000000000000e+02
1.936000000000000000e+03 1.017000000000000000e+03
1.937000000000000000e+03 1.577000000000000000e+03
1.951000000000000000e+03 1.284000000000000000e+03
1.953000000000000000e+03 1.529000000000000000e+03
1.987000000000000000e+03 1.862000000000000000e+03
2.000000000000000000e+03 1.008000000000000000e+03
2.036000000000000000e+03 3.380000000000000000e+02
2.066000000000000000e+03 8.710000000000000000e+02
2.117000000000000000e+03 1.254000000000000000e+03
2.119000000000000000e+03 1.720000000000000000e+02
2.127000000000000000e+03 1.616000000000000000e+03
2.127000000000000000e+03 1.665000000000000000e+03
2.191000000000000000e+03 1.531000000000000000e+03
2.221000000000000000e+03 1.500000000000000000e+03
2.244000000000000000e+03 7.880000000000000000e+02
2.267000000000000000e+03 1.043000000000000000e+03
2.288000000000000000e+03 8.690000000000000000e+02
2.328000000000000000e+03 8.890000000000000000e+02
2.344000000000000000e+03 1.207000000000000000e+03
2.350000000000000000e+03 8.400000000000000000e+01
2.350000000000000000e+03 1.039000000000000000e+03
2.352000000000000000e+03 8.250000000000000000e+02
2.368000000000000000e+03 1.420000000000000000e+03
2.369000000000000000e+03 1.120000000000000000e+03
2.369000000000000000e+03 1.378000000000000000e+03
2.369000000000000000e+03 1.455000000000000000e+03
2.381000000000000000e+03 1.425000000000000000e+03
2.392000000000000000e+03 1.354000000000000000e+03
2.402000000000000000e+03 2.170000000000000000e+02
2.404000000000000000e+03 1.342000000000000000e+03
2.409000000000000000e+03 2.006000000000000000e+03
2.412000000000000000e+03 8.000000000000000000e+02
2.486000000000000000e+03 1.438000000000000000e+03
2.518000000000000000e+03 7.490000000000000000e+02
2.519000000000000000e+03 1.470000000000000000e+03
2.521000000000000000e+03 8.800000000000000000e+01
2.524000000000000000e+03 3.800000000000000000e+01
2.570000000000000000e+03 4.460000000000000000e+02
2.634000000000000000e+03 2.380000000000000000e+02
2.653000000000000000e+03 1.433000000000000000e+03
2.658000000000000000e+03 2.160000000000000000e+02
2.662000000000000000e+03 7.900000000000000000e+01
2.691000000000000000e+03 1.321000000000000000e+03
2.729000000000000000e+03 8.770000000000000000e+02
2.746000000000000000e+03 1.283000000000000000e+03
2.766000000000000000e+03 4.450000000000000000e+02
2.770000000000000000e+03 6.810000000000000000e+02
2.783000000000000000e+03 1.239000000000000000e+03
2.791000000000000000e+03 1.575000000000000000e+03
2.822000000000000000e+03 7.970000000000000000e+02
2.823000000000000000e+03 9.680000000000000000e+02
2.823000000000000000e+03 9.790000000000000000e+02
2.838000000000000000e+03 6.220000000000000000e+02
2.845000000000000000e+03 4.940000000000000000e+02
2.856000000000000000e+03 5.770000000000000000e+02
2.862000000000000000e+03 4.060000000000000000e+02
2.868000000000000000e+03 6.860000000000000000e+02
2.917000000000000000e+03 2.080000000000000000e+02
2.925000000000000000e+03 9.070000000000000000e+02
2.926000000000000000e+03 1.031000000000000000e+03
2.926000000000000000e+03 1.060000000000000000e+03
3.029000000000000000e+03 3.830000000000000000e+02
3.037000000000000000e+03 1.176000000000000000e+03
3.042000000000000000e+03 4.100000000000000000e+01
3.200000000000000000e+01 6.830000000000000000e+02
4.000000000000000000e+01 1.252000000000000000e+03
1.060000000000000000e+02 2.800000000000000000e+02
1.330000000000000000e+02 9.790000000000000000e+02
1.580000000000000000e+02 3.230000000000000000e+02
1.630000000000000000e+02 1.018000000000000000e+03
1.950000000000000000e+02 1.770000000000000000e+02
2.840000000000000000e+02 1.148000000000000000e+03
3.370000000000000000e+02 3.730000000000000000e+02
3.380000000000000000e+02 1.144000000000000000e+03
4.290000000000000000e+02 1.101000000000000000e+03
5.150000000000000000e+02 1.527000000000000000e+03
5.610000000000000000e+02 6.280000000000000000e+02
5.990000000000000000e+02 7.800000000000000000e+02
6.040000000000000000e+02 1.543000000000000000e+03
6.490000000000000000e+02 2.014000000000000000e+03
6.660000000000000000e+02 8.070000000000000000e+02
6.740000000000000000e+02 6.030000000000000000e+02
7.260000000000000000e+02 4.230000000000000000e+02
7.660000000000000000e+02 2.660000000000000000e+02
8.480000000000000000e+02 1.080000000000000000e+03
9.330000000000000000e+02 8.080000000000000000e+02
9.650000000000000000e+02 7.100000000000000000e+01
9.680000000000000000e+02 7.410000000000000000e+02
1.014000000000000000e+03 1.297000000000000000e+03
1.033000000000000000e+03 2.250000000000000000e+02
1.073000000000000000e+03 2.900000000000000000e+02
1.134000000000000000e+03 1.016000000000000000e+03
1.148000000000000000e+03 5.690000000000000000e+02
1.177000000000000000e+03 2.340000000000000000e+02
1.183000000000000000e+03 1.611000000000000000e+03
1.232000000000000000e+03 7.560000000000000000e+02
1.236000000000000000e+03 4.440000000000000000e+02
1.259000000000000000e+03 1.293000000000000000e+03
1.270000000000000000e+03 6.090000000000000000e+02
1.287000000000000000e+03 7.340000000000000000e+02
1.292000000000000000e+03 2.010000000000000000e+02
1.384000000000000000e+03 7.130000000000000000e+02
1.411000000000000000e+03 2.980000000000000000e+02
1.422000000000000000e+03 2.760000000000000000e+02
1.445000000000000000e+03 5.170000000000000000e+02
1.454000000000000000e+03 7.500000000000000000e+02
1.467000000000000000e+03 3.900000000000000000e+02
1.506000000000000000e+03 5.880000000000000000e+02
1.509000000000000000e+03 1.688000000000000000e+03
1.516000000000000000e+03 9.710000000000000000e+02
1.530000000000000000e+03 4.920000000000000000e+02
1.532000000000000000e+03 1.625000000000000000e+03
1.562000000000000000e+03 4.910000000000000000e+02
1.611000000000000000e+03 9.520000000000000000e+02
1.616000000000000000e+03 5.140000000000000000e+02
1.619000000000000000e+03 3.590000000000000000e+02
1.623000000000000000e+03 3.990000000000000000e+02
1.643000000000000000e+03 1.265000000000000000e+03
1.685000000000000000e+03 1.260000000000000000e+03
1.685000000000000000e+03 1.303000000000000000e+03
1.691000000000000000e+03 7.460000000000000000e+02
1.692000000000000000e+03 9.230000000000000000e+02
1.744000000000000000e+03 8.840000000000000000e+02
1.758000000000000000e+03 9.070000000000000000e+02
1.778000000000000000e+03 7.260000000000000000e+02
1.792000000000000000e+03 7.480000000000000000e+02
1.813000000000000000e+03 7.640000000000000000e+02
1.937000000000000000e+03 1.576000000000000000e+03
1.937000000000000000e+03 1.610000000000000000e+03
1.973000000000000000e+03 9.340000000000000000e+02
2.018000000000000000e+03 1.220000000000000000e+03
2.021000000000000000e+03 3.640000000000000000e+02
2.028000000000000000e+03 1.054000000000000000e+03
2.036000000000000000e+03 3.390000000000000000e+02
2.058000000000000000e+03 1.052000000000000000e+03
2.085000000000000000e+03 4.920000000000000000e+02
2.104000000000000000e+03 1.572000000000000000e+03
2.119000000000000000e+03 7.520000000000000000e+02
2.128000000000000000e+03 7.520000000000000000e+02
2.157000000000000000e+03 1.780000000000000000e+02
2.181000000000000000e+03 1.725000000000000000e+03
2.184000000000000000e+03 1.559000000000000000e+03
2.190000000000000000e+03 1.531000000000000000e+03
2.206000000000000000e+03 5.890000000000000000e+02
2.233000000000000000e+03 1.218000000000000000e+03
2.246000000000000000e+03 1.950000000000000000e+02
2.248000000000000000e+03 1.602000000000000000e+03
2.250000000000000000e+03 8.300000000000000000e+02
2.275000000000000000e+03 1.591000000000000000e+03
2.282000000000000000e+03 1.479000000000000000e+03
2.310000000000000000e+03 1.497000000000000000e+03
2.333000000000000000e+03 2.470000000000000000e+02
2.353000000000000000e+03 5.880000000000000000e+02
2.387000000000000000e+03 6.710000000000000000e+02
2.395000000000000000e+03 1.040000000000000000e+03
2.400000000000000000e+03 1.020000000000000000e+03
2.408000000000000000e+03 8.720000000000000000e+02
2.466000000000000000e+03 6.830000000000000000e+02
2.482000000000000000e+03 1.396000000000000000e+03
2.501000000000000000e+03 1.366000000000000000e+03
2.547000000000000000e+03 1.552000000000000000e+03
2.648000000000000000e+03 1.000000000000000000e+03
2.771000000000000000e+03 7.250000000000000000e+02
2.774000000000000000e+03 8.130000000000000000e+02
2.777000000000000000e+03 1.016000000000000000e+03
2.780000000000000000e+03 9.770000000000000000e+02
2.782000000000000000e+03 1.237000000000000000e+03
2.822000000000000000e+03 6.470000000000000000e+02
2.822000000000000000e+03 7.960000000000000000e+02
2.887000000000000000e+03 1.085000000000000000e+03
2.925000000000000000e+03 1.033000000000000000e+03
2.957000000000000000e+03 5.300000000000000000e+01
3.034000000000000000e+03 6.110000000000000000e+02
1.620000000000000000e+02 1.020000000000000000e+03
1.960000000000000000e+02 1.780000000000000000e+02
2.070000000000000000e+02 1.150000000000000000e+02
2.150000000000000000e+02 1.107000000000000000e+03
2.240000000000000000e+02 1.085000000000000000e+03
2.240000000000000000e+02 1.201000000000000000e+03
3.310000000000000000e+02 1.413000000000000000e+03
3.460000000000000000e+02 1.414000000000000000e+03
4.000000000000000000e+02 1.423000000000000000e+03
4.330000000000000000e+02 3.480000000000000000e+02
4.420000000000000000e+02 4.140000000000000000e+02
5.130000000000000000e+02 1.640000000000000000e+02
5.330000000000000000e+02 1.920000000000000000e+02
5.510000000000000000e+02 8.100000000000000000e+02
5.900000000000000000e+02 1.633000000000000000e+03
6.320000000000000000e+02 5.400000000000000000e+01
6.670000000000000000e+02 4.130000000000000000e+02
8.360000000000000000e+02 1.231000000000000000e+03
8.540000000000000000e+02 1.741000000000000000e+03
8.610000000000000000e+02 3.570000000000000000e+02
8.800000000000000000e+02 1.260000000000000000e+02
9.160000000000000000e+02 4.410000000000000000e+02
9.290000000000000000e+02 4.000000000000000000e+01
1.088000000000000000e+03 3.140000000000000000e+02
1.102000000000000000e+03 1.016000000000000000e+03
1.175000000000000000e+03 1.049000000000000000e+03
1.183000000000000000e+03 6.060000000000000000e+02
1.211000000000000000e+03 9.370000000000000000e+02
1.250000000000000000e+03 1.274000000000000000e+03
1.287000000000000000e+03 9.180000000000000000e+02
1.319000000000000000e+03 8.760000000000000000e+02
1.355000000000000000e+03 3.280000000000000000e+02
1.355000000000000000e+03 8.240000000000000000e+02
1.387000000000000000e+03 1.335000000000000000e+03
1.393000000000000000e+03 9.190000000000000000e+02
1.395000000000000000e+03 7.380000000000000000e+02
1.480000000000000000e+03 3.920000000000000000e+02
1.497000000000000000e+03 5.000000000000000000e+02
1.508000000000000000e+03 1.688000000000000000e+03
1.509000000000000000e+03 1.523000000000000000e+03
1.531000000000000000e+03 1.012000000000000000e+03
1.553000000000000000e+03 9.310000000000000000e+02
1.576000000000000000e+03 9.350000000000000000e+02
1.596000000000000000e+03 5.050000000000000000e+02
1.681000000000000000e+03 4.970000000000000000e+02
1.692000000000000000e+03 9.250000000000000000e+02
1.703000000000000000e+03 9.270000000000000000e+02
1.720000000000000000e+03 3.670000000000000000e+02
1.721000000000000000e+03 8.840000000000000000e+02
1.723000000000000000e+03 1.063000000000000000e+03
1.727000000000000000e+03 7.220000000000000000e+02
1.745000000000000000e+03 1.243000000000000000e+03
1.760000000000000000e+03 9.070000000000000000e+02
1.793000000000000000e+03 9.740000000000000000e+02
1.793000000000000000e+03 1.059000000000000000e+03
1.813000000000000000e+03 7.650000000000000000e+02
1.873000000000000000e+03 9.310000000000000000e+02
1.907000000000000000e+03 7.670000000000000000e+02
1.909000000000000000e+03 1.020000000000000000e+03
1.981000000000000000e+03 1.674000000000000000e+03
1.990000000000000000e+03 4.410000000000000000e+02
2.016000000000000000e+03 5.550000000000000000e+02
2.019000000000000000e+03 1.570000000000000000e+02
2.021000000000000000e+03 1.280000000000000000e+02
2.025000000000000000e+03 8.200000000000000000e+01
2.075000000000000000e+03 4.900000000000000000e+02
2.080000000000000000e+03 4.670000000000000000e+02
2.114000000000000000e+03 6.430000000000000000e+02
2.142000000000000000e+03 1.600000000000000000e+03
2.144000000000000000e+03 5.780000000000000000e+02
2.164000000000000000e+03 2.400000000000000000e+02
2.188000000000000000e+03 1.633000000000000000e+03
2.209000000000000000e+03 1.615000000000000000e+03
2.215000000000000000e+03 7.720000000000000000e+02
2.221000000000000000e+03 1.619000000000000000e+03
2.244000000000000000e+03 8.590000000000000000e+02
2.247000000000000000e+03 1.602000000000000000e+03
2.284000000000000000e+03 7.320000000000000000e+02
2.286000000000000000e+03 1.511000000000000000e+03
2.288000000000000000e+03 3.810000000000000000e+02
2.288000000000000000e+03 6.880000000000000000e+02
2.357000000000000000e+03 1.165000000000000000e+03
2.368000000000000000e+03 1.483000000000000000e+03
2.467000000000000000e+03 3.920000000000000000e+02
2.502000000000000000e+03 9.960000000000000000e+02
2.554000000000000000e+03 1.348000000000000000e+03
2.557000000000000000e+03 6.070000000000000000e+02
2.767000000000000000e+03 1.609000000000000000e+03
2.817000000000000000e+03 1.555000000000000000e+03
2.822000000000000000e+03 7.760000000000000000e+02
2.824000000000000000e+03 9.780000000000000000e+02
2.924000000000000000e+03 9.800000000000000000e+02
6.300000000000000000e+01 4.830000000000000000e+02
1.780000000000000000e+02 2.160000000000000000e+02
1.790000000000000000e+02 1.840000000000000000e+02
2.240000000000000000e+02 1.084000000000000000e+03
2.240000000000000000e+02 1.202000000000000000e+03
2.290000000000000000e+02 1.532000000000000000e+03
2.930000000000000000e+02 8.530000000000000000e+02
3.260000000000000000e+02 1.760000000000000000e+02
5.310000000000000000e+02 1.210000000000000000e+02
5.440000000000000000e+02 7.870000000000000000e+02
5.500000000000000000e+02 8.100000000000000000e+02
6.560000000000000000e+02 7.810000000000000000e+02
7.170000000000000000e+02 3.930000000000000000e+02
7.280000000000000000e+02 9.500000000000000000e+01
7.360000000000000000e+02 7.650000000000000000e+02
8.290000000000000000e+02 2.130000000000000000e+02
8.610000000000000000e+02 3.560000000000000000e+02
9.300000000000000000e+02 4.100000000000000000e+01
1.061000000000000000e+03 8.930000000000000000e+02
1.100000000000000000e+03 1.200000000000000000e+02
1.104000000000000000e+03 7.500000000000000000e+02
1.183000000000000000e+03 6.070000000000000000e+02
1.274000000000000000e+03 8.280000000000000000e+02
1.318000000000000000e+03 8.770000000000000000e+02
1.352000000000000000e+03 8.250000000000000000e+02
1.353000000000000000e+03 1.013000000000000000e+03
1.366000000000000000e+03 8.790000000000000000e+02
1.417000000000000000e+03 1.066000000000000000e+03
1.431000000000000000e+03 4.400000000000000000e+02
1.512000000000000000e+03 7.500000000000000000e+02
1.724000000000000000e+03 9.090000000000000000e+02
1.793000000000000000e+03 1.017000000000000000e+03
1.821000000000000000e+03 1.040000000000000000e+03
1.829000000000000000e+03 9.430000000000000000e+02
1.857000000000000000e+03 5.920000000000000000e+02
1.866000000000000000e+03 1.165000000000000000e+03
1.875000000000000000e+03 9.060000000000000000e+02
1.888000000000000000e+03 7.180000000000000000e+02
2.025000000000000000e+03 3.940000000000000000e+02
2.104000000000000000e+03 2.190000000000000000e+02
2.110000000000000000e+03 9.850000000000000000e+02
2.119000000000000000e+03 1.254000000000000000e+03
2.164000000000000000e+03 2.410000000000000000e+02
2.186000000000000000e+03 1.633000000000000000e+03
2.195000000000000000e+03 1.420000000000000000e+03
2.209000000000000000e+03 1.616000000000000000e+03
2.221000000000000000e+03 1.618000000000000000e+03
2.242000000000000000e+03 1.071000000000000000e+03
2.246000000000000000e+03 1.603000000000000000e+03
2.317000000000000000e+03 8.920000000000000000e+02
2.340000000000000000e+03 1.203000000000000000e+03
2.355000000000000000e+03 1.163000000000000000e+03
2.360000000000000000e+03 4.300000000000000000e+02
2.464000000000000000e+03 3.380000000000000000e+02
2.480000000000000000e+03 7.730000000000000000e+02
2.502000000000000000e+03 9.990000000000000000e+02
2.516000000000000000e+03 1.030000000000000000e+02
2.639000000000000000e+03 6.110000000000000000e+02
2.639000000000000000e+03 1.126000000000000000e+03
2.660000000000000000e+03 4.200000000000000000e+01
2.764000000000000000e+03 1.561000000000000000e+03
2.767000000000000000e+03 1.607000000000000000e+03
2.819000000000000000e+03 1.605000000000000000e+03
2.826000000000000000e+03 5.760000000000000000e+02
2.841000000000000000e+03 6.510000000000000000e+02
2.850000000000000000e+03 5.510000000000000000e+02
2.889000000000000000e+03 1.111000000000000000e+03
2.923000000000000000e+03 9.780000000000000000e+02
2.924000000000000000e+03 1.037000000000000000e+03
2.969000000000000000e+03 9.150000000000000000e+02
2.970000000000000000e+03 9.710000000000000000e+02
2.971000000000000000e+03 1.033000000000000000e+03
2.972000000000000000e+03 1.099000000000000000e+03
3.044000000000000000e+03 7.420000000000000000e+02
8.300000000000000000e+01 1.417000000000000000e+03
8.800000000000000000e+01 6.180000000000000000e+02
2.240000000000000000e+02 1.082000000000000000e+03
3.330000000000000000e+02 7.100000000000000000e+02
5.110000000000000000e+02 1.631000000000000000e+03
6.370000000000000000e+02 9.780000000000000000e+02
6.820000000000000000e+02 7.960000000000000000e+02
7.800000000000000000e+02 1.253000000000000000e+03
1.204000000000000000e+03 2.790000000000000000e+02
1.317000000000000000e+03 8.770000000000000000e+02
1.379000000000000000e+03 1.172000000000000000e+03
1.480000000000000000e+03 6.380000000000000000e+02
1.512000000000000000e+03 9.060000000000000000e+02
1.532000000000000000e+03 1.587000000000000000e+03
1.611000000000000000e+03 4.020000000000000000e+02
1.794000000000000000e+03 1.018000000000000000e+03
1.826000000000000000e+03 9.460000000000000000e+02
1.876000000000000000e+03 9.080000000000000000e+02
2.109000000000000000e+03 9.860000000000000000e+02
2.204000000000000000e+03 7.560000000000000000e+02
2.205000000000000000e+03 1.213000000000000000e+03
2.228000000000000000e+03 1.045000000000000000e+03
2.231000000000000000e+03 7.960000000000000000e+02
2.401000000000000000e+03 1.470000000000000000e+03
2.463000000000000000e+03 5.070000000000000000e+02
2.464000000000000000e+03 3.900000000000000000e+02
2.510000000000000000e+03 2.110000000000000000e+02
2.510000000000000000e+03 7.670000000000000000e+02
2.512000000000000000e+03 2.700000000000000000e+02
2.653000000000000000e+03 9.880000000000000000e+02
2.654000000000000000e+03 7.830000000000000000e+02
2.691000000000000000e+03 1.351000000000000000e+03
2.765000000000000000e+03 1.562000000000000000e+03
2.767000000000000000e+03 4.460000000000000000e+02
2.768000000000000000e+03 1.605000000000000000e+03
2.794000000000000000e+03 1.569000000000000000e+03
2.913000000000000000e+03 5.470000000000000000e+02
2.921000000000000000e+03 1.098000000000000000e+03
2.937000000000000000e+03 6.130000000000000000e+02
2.966000000000000000e+03 8.400000000000000000e+02
2.969000000000000000e+03 9.220000000000000000e+02
2.971000000000000000e+03 1.052000000000000000e+03
2.971000000000000000e+03 1.100000000000000000e+03
2.976000000000000000e+03 8.750000000000000000e+02
3.029000000000000000e+03 3.850000000000000000e+02
3.038000000000000000e+03 8.510000000000000000e+02
2.540000000000000000e+02 1.143000000000000000e+03
2.640000000000000000e+02 9.400000000000000000e+01
2.680000000000000000e+02 7.300000000000000000e+02
3.320000000000000000e+02 7.090000000000000000e+02
4.700000000000000000e+02 8.660000000000000000e+02
7.260000000000000000e+02 9.300000000000000000e+01
7.790000000000000000e+02 1.254000000000000000e+03
9.030000000000000000e+02 9.770000000000000000e+02
9.420000000000000000e+02 5.290000000000000000e+02
9.610000000000000000e+02 3.800000000000000000e+01
9.620000000000000000e+02 1.270000000000000000e+03
1.043000000000000000e+03 8.050000000000000000e+02
1.203000000000000000e+03 2.810000000000000000e+02
1.231000000000000000e+03 1.170000000000000000e+03
1.323000000000000000e+03 7.220000000000000000e+02
1.408000000000000000e+03 3.690000000000000000e+02
1.440000000000000000e+03 9.790000000000000000e+02
1.488000000000000000e+03 9.280000000000000000e+02
1.534000000000000000e+03 3.570000000000000000e+02
1.823000000000000000e+03 3.100000000000000000e+02
1.852000000000000000e+03 1.042000000000000000e+03
1.910000000000000000e+03 8.100000000000000000e+02
1.980000000000000000e+03 3.510000000000000000e+02
2.020000000000000000e+03 1.004000000000000000e+03
2.141000000000000000e+03 3.290000000000000000e+02
2.179000000000000000e+03 1.041000000000000000e+03
2.282000000000000000e+03 3.900000000000000000e+02
2.304000000000000000e+03 5.780000000000000000e+02
2.321000000000000000e+03 8.900000000000000000e+02
2.409000000000000000e+03 6.690000000000000000e+02
2.508000000000000000e+03 2.100000000000000000e+02
2.675000000000000000e+03 1.471000000000000000e+03
2.690000000000000000e+03 1.350000000000000000e+03
2.767000000000000000e+03 4.460000000000000000e+02
2.769000000000000000e+03 1.563000000000000000e+03
2.861000000000000000e+03 2.690000000000000000e+02
2.861000000000000000e+03 3.320000000000000000e+02
2.868000000000000000e+03 8.000000000000000000e+00
2.868000000000000000e+03 6.100000000000000000e+01
2.868000000000000000e+03 9.780000000000000000e+02
2.874000000000000000e+03 2.090000000000000000e+02
2.874000000000000000e+03 2.680000000000000000e+02
2.875000000000000000e+03 3.320000000000000000e+02
2.881000000000000000e+03 9.180000000000000000e+02
2.883000000000000000e+03 1.043000000000000000e+03
3.042000000000000000e+03 1.127000000000000000e+03
6.600000000000000000e+01 4.850000000000000000e+02
8.700000000000000000e+01 6.160000000000000000e+02
9.200000000000000000e+01 6.960000000000000000e+02
1.670000000000000000e+02 2.950000000000000000e+02
1.690000000000000000e+02 4.010000000000000000e+02
2.200000000000000000e+02 1.178000000000000000e+03
2.210000000000000000e+02 1.105000000000000000e+03
2.790000000000000000e+02 1.179000000000000000e+03
2.810000000000000000e+02 1.106000000000000000e+03
3.940000000000000000e+02 4.330000000000000000e+02
4.630000000000000000e+02 1.983000000000000000e+03
5.610000000000000000e+02 6.270000000000000000e+02
6.350000000000000000e+02 1.649000000000000000e+03
6.590000000000000000e+02 3.240000000000000000e+02
6.740000000000000000e+02 1.298000000000000000e+03
7.190000000000000000e+02 3.930000000000000000e+02
7.710000000000000000e+02 2.650000000000000000e+02
8.280000000000000000e+02 2.140000000000000000e+02
8.360000000000000000e+02 8.330000000000000000e+02
8.480000000000000000e+02 1.028000000000000000e+03
8.560000000000000000e+02 1.739000000000000000e+03
8.690000000000000000e+02 1.770000000000000000e+02
8.840000000000000000e+02 1.030000000000000000e+02
9.110000000000000000e+02 1.737000000000000000e+03
9.420000000000000000e+02 5.290000000000000000e+02
9.590000000000000000e+02 3.700000000000000000e+01
9.610000000000000000e+02 1.269000000000000000e+03
1.204000000000000000e+03 2.840000000000000000e+02
1.238000000000000000e+03 2.600000000000000000e+01
1.404000000000000000e+03 3.670000000000000000e+02
1.421000000000000000e+03 5.770000000000000000e+02
1.480000000000000000e+03 6.320000000000000000e+02
1.534000000000000000e+03 3.570000000000000000e+02
1.557000000000000000e+03 7.030000000000000000e+02
1.557000000000000000e+03 1.197000000000000000e+03
1.571000000000000000e+03 8.760000000000000000e+02
1.594000000000000000e+03 9.710000000000000000e+02
1.602000000000000000e+03 7.870000000000000000e+02
1.682000000000000000e+03 9.970000000000000000e+02
1.726000000000000000e+03 7.330000000000000000e+02
1.730000000000000000e+03 1.212000000000000000e+03
1.764000000000000000e+03 1.910000000000000000e+03
1.772000000000000000e+03 2.960000000000000000e+02
1.798000000000000000e+03 1.890000000000000000e+02
1.818000000000000000e+03 7.710000000000000000e+02
1.821000000000000000e+03 9.490000000000000000e+02
1.823000000000000000e+03 3.100000000000000000e+02
1.824000000000000000e+03 1.914000000000000000e+03
1.848000000000000000e+03 1.907000000000000000e+03
1.892000000000000000e+03 7.280000000000000000e+02
1.906000000000000000e+03 1.259000000000000000e+03
1.911000000000000000e+03 1.920000000000000000e+02
1.913000000000000000e+03 8.100000000000000000e+02
1.914000000000000000e+03 1.914000000000000000e+03
1.932000000000000000e+03 7.250000000000000000e+02
1.955000000000000000e+03 9.570000000000000000e+02
1.956000000000000000e+03 1.520000000000000000e+02
1.981000000000000000e+03 9.200000000000000000e+01
2.046000000000000000e+03 1.005000000000000000e+03
2.119000000000000000e+03 1.256000000000000000e+03
2.120000000000000000e+03 7.970000000000000000e+02
2.176000000000000000e+03 1.704000000000000000e+03
2.179000000000000000e+03 1.043000000000000000e+03
2.181000000000000000e+03 1.343000000000000000e+03
2.208000000000000000e+03 7.530000000000000000e+02
2.233000000000000000e+03 1.605000000000000000e+03
2.234000000000000000e+03 8.600000000000000000e+02
2.236000000000000000e+03 1.062000000000000000e+03
2.282000000000000000e+03 3.900000000000000000e+02
2.307000000000000000e+03 7.870000000000000000e+02
2.318000000000000000e+03 1.676000000000000000e+03
2.376000000000000000e+03 8.200000000000000000e+02
2.394000000000000000e+03 1.140000000000000000e+03
2.400000000000000000e+03 1.345000000000000000e+03
2.400000000000000000e+03 1.468000000000000000e+03
2.411000000000000000e+03 6.690000000000000000e+02
2.536000000000000000e+03 9.620000000000000000e+02
2.629000000000000000e+03 2.190000000000000000e+02
2.651000000000000000e+03 9.870000000000000000e+02
2.664000000000000000e+03 1.029000000000000000e+03
2.676000000000000000e+03 1.469000000000000000e+03
2.760000000000000000e+03 1.070000000000000000e+02
2.774000000000000000e+03 8.780000000000000000e+02
2.775000000000000000e+03 1.580000000000000000e+02
2.776000000000000000e+03 2.050000000000000000e+02
2.776000000000000000e+03 2.730000000000000000e+02
2.777000000000000000e+03 3.320000000000000000e+02
2.777000000000000000e+03 8.130000000000000000e+02
2.777000000000000000e+03 9.530000000000000000e+02
2.779000000000000000e+03 1.017000000000000000e+03
2.779000000000000000e+03 1.076000000000000000e+03
2.779000000000000000e+03 1.149000000000000000e+03
2.788000000000000000e+03 1.596000000000000000e+03
2.795000000000000000e+03 1.568000000000000000e+03
2.846000000000000000e+03 5.650000000000000000e+02
2.862000000000000000e+03 7.910000000000000000e+02
2.865000000000000000e+03 6.200000000000000000e+01
2.866000000000000000e+03 1.590000000000000000e+02
2.866000000000000000e+03 1.095000000000000000e+03
2.867000000000000000e+03 2.090000000000000000e+02
2.867000000000000000e+03 2.690000000000000000e+02
2.867000000000000000e+03 3.310000000000000000e+02
2.870000000000000000e+03 4.790000000000000000e+02
2.875000000000000000e+03 9.220000000000000000e+02
2.875000000000000000e+03 1.045000000000000000e+03
2.882000000000000000e+03 1.285000000000000000e+03
2.921000000000000000e+03 1.097000000000000000e+03
2.940000000000000000e+03 6.060000000000000000e+02
2.954000000000000000e+03 2.090000000000000000e+02
2.955000000000000000e+03 2.690000000000000000e+02
2.957000000000000000e+03 3.280000000000000000e+02
2.962000000000000000e+03 8.380000000000000000e+02
2.967000000000000000e+03 9.540000000000000000e+02
2.974000000000000000e+03 8.780000000000000000e+02
2.979000000000000000e+03 1.142000000000000000e+03
3.029000000000000000e+03 3.850000000000000000e+02
3.033000000000000000e+03 8.500000000000000000e+02
3.034000000000000000e+03 9.220000000000000000e+02
3.034000000000000000e+03 1.061000000000000000e+03
3.035000000000000000e+03 9.920000000000000000e+02
3.035000000000000000e+03 1.129000000000000000e+03
3.042000000000000000e+03 7.810000000000000000e+02
