9.000000000000000000e+00 1.176000000000000000e+03
3.300000000000000000e+01 3.940000000000000000e+02
5.300000000000000000e+01 1.959000000000000000e+03
9.200000000000000000e+01 1.230000000000000000e+03
9.400000000000000000e+01 1.104000000000000000e+03
1.060000000000000000e+02 1.117000000000000000e+03
1.110000000000000000e+02 1.215000000000000000e+03
1.160000000000000000e+02 1.220000000000000000e+03
1.340000000000000000e+02 1.103000000000000000e+03
1.390000000000000000e+02 1.242000000000000000e+03
1.630000000000000000e+02 1.172000000000000000e+03
1.700000000000000000e+02 1.171000000000000000e+03
1.870000000000000000e+02 6.260000000000000000e+02
1.930000000000000000e+02 1.096000000000000000e+03
2.070000000000000000e+02 1.085000000000000000e+03
2.140000000000000000e+02 6.290000000000000000e+02
2.140000000000000000e+02 1.147000000000000000e+03
2.140000000000000000e+02 1.198000000000000000e+03
2.170000000000000000e+02 1.122000000000000000e+03
2.170000000000000000e+02 1.217000000000000000e+03
2.240000000000000000e+02 9.510000000000000000e+02
2.330000000000000000e+02 1.225000000000000000e+03
2.650000000000000000e+02 9.560000000000000000e+02
2.750000000000000000e+02 1.514000000000000000e+03
3.400000000000000000e+02 1.160000000000000000e+03
3.760000000000000000e+02 9.080000000000000000e+02
3.830000000000000000e+02 2.024000000000000000e+03
3.860000000000000000e+02 9.080000000000000000e+02
3.970000000000000000e+02 2.660000000000000000e+02
4.100000000000000000e+02 5.060000000000000000e+02
4.130000000000000000e+02 1.064000000000000000e+03
4.580000000000000000e+02 5.000000000000000000e+00
4.720000000000000000e+02 2.025000000000000000e+03
4.800000000000000000e+02 1.414000000000000000e+03
5.320000000000000000e+02 3.920000000000000000e+02
5.470000000000000000e+02 4.000000000000000000e+02
5.830000000000000000e+02 4.030000000000000000e+02
5.930000000000000000e+02 4.050000000000000000e+02
6.480000000000000000e+02 7.270000000000000000e+02
6.490000000000000000e+02 7.320000000000000000e+02
6.500000000000000000e+02 2.470000000000000000e+02
6.560000000000000000e+02 6.580000000000000000e+02
7.060000000000000000e+02 1.980000000000000000e+02
7.060000000000000000e+02 6.590000000000000000e+02
7.200000000000000000e+02 2.330000000000000000e+02
7.210000000000000000e+02 2.630000000000000000e+02
7.240000000000000000e+02 2.290000000000000000e+02
7.550000000000000000e+02 1.690000000000000000e+02
7.860000000000000000e+02 3.950000000000000000e+02
8.010000000000000000e+02 6.530000000000000000e+02
8.050000000000000000e+02 3.560000000000000000e+02
8.270000000000000000e+02 5.560000000000000000e+02
8.480000000000000000e+02 2.360000000000000000e+02
8.520000000000000000e+02 5.220000000000000000e+02
8.620000000000000000e+02 3.480000000000000000e+02
8.650000000000000000e+02 3.400000000000000000e+02
9.010000000000000000e+02 1.264000000000000000e+03
9.060000000000000000e+02 1.264000000000000000e+03
9.070000000000000000e+02 1.870000000000000000e+02
9.100000000000000000e+02 3.580000000000000000e+02
9.260000000000000000e+02 7.330000000000000000e+02
9.980000000000000000e+02 1.230000000000000000e+02
1.004000000000000000e+03 1.230000000000000000e+02
1.016000000000000000e+03 1.230000000000000000e+02
1.037000000000000000e+03 4.840000000000000000e+02
1.039000000000000000e+03 8.050000000000000000e+02
1.065000000000000000e+03 1.826000000000000000e+03
1.066000000000000000e+03 9.610000000000000000e+02
1.084000000000000000e+03 1.224000000000000000e+03
1.092000000000000000e+03 1.305000000000000000e+03
1.132000000000000000e+03 1.814000000000000000e+03
1.180000000000000000e+03 1.220000000000000000e+03
1.183000000000000000e+03 1.580000000000000000e+02
1.183000000000000000e+03 1.326000000000000000e+03
1.190000000000000000e+03 1.940000000000000000e+02
1.202000000000000000e+03 4.570000000000000000e+02
1.236000000000000000e+03 2.008000000000000000e+03
1.398000000000000000e+03 1.210000000000000000e+03
1.399000000000000000e+03 1.309000000000000000e+03
1.448000000000000000e+03 2.400000000000000000e+02
1.457000000000000000e+03 2.870000000000000000e+02
1.467000000000000000e+03 1.124000000000000000e+03
1.474000000000000000e+03 1.025000000000000000e+03
1.480000000000000000e+03 1.107000000000000000e+03
1.480000000000000000e+03 1.123000000000000000e+03
1.502000000000000000e+03 7.420000000000000000e+02
1.503000000000000000e+03 7.530000000000000000e+02
1.506000000000000000e+03 7.730000000000000000e+02
1.507000000000000000e+03 7.080000000000000000e+02
1.509000000000000000e+03 9.770000000000000000e+02
1.511000000000000000e+03 7.080000000000000000e+02
1.512000000000000000e+03 6.970000000000000000e+02
1.513000000000000000e+03 1.007000000000000000e+03
1.516000000000000000e+03 6.970000000000000000e+02
1.517000000000000000e+03 4.750000000000000000e+02
1.517000000000000000e+03 6.890000000000000000e+02
1.520000000000000000e+03 6.250000000000000000e+02
1.522000000000000000e+03 1.227000000000000000e+03
1.524000000000000000e+03 9.100000000000000000e+02
1.532000000000000000e+03 6.830000000000000000e+02
1.532000000000000000e+03 1.005000000000000000e+03
1.546000000000000000e+03 4.630000000000000000e+02
1.555000000000000000e+03 4.670000000000000000e+02
1.560000000000000000e+03 6.240000000000000000e+02
1.562000000000000000e+03 4.230000000000000000e+02
1.572000000000000000e+03 7.510000000000000000e+02
1.576000000000000000e+03 8.690000000000000000e+02
1.582000000000000000e+03 6.050000000000000000e+02
1.586000000000000000e+03 5.980000000000000000e+02
1.590000000000000000e+03 9.790000000000000000e+02
1.593000000000000000e+03 8.930000000000000000e+02
1.598000000000000000e+03 4.710000000000000000e+02
1.603000000000000000e+03 5.930000000000000000e+02
1.610000000000000000e+03 5.940000000000000000e+02
1.615000000000000000e+03 9.170000000000000000e+02
1.616000000000000000e+03 5.060000000000000000e+02
1.616000000000000000e+03 9.330000000000000000e+02
1.617000000000000000e+03 8.110000000000000000e+02
1.620000000000000000e+03 8.880000000000000000e+02
1.624000000000000000e+03 9.730000000000000000e+02
1.631000000000000000e+03 8.070000000000000000e+02
1.632000000000000000e+03 9.240000000000000000e+02
1.640000000000000000e+03 9.250000000000000000e+02
1.646000000000000000e+03 1.188000000000000000e+03
1.651000000000000000e+03 9.150000000000000000e+02
1.662000000000000000e+03 9.750000000000000000e+02
1.683000000000000000e+03 1.003000000000000000e+03
1.685000000000000000e+03 9.850000000000000000e+02
1.689000000000000000e+03 1.076000000000000000e+03
1.711000000000000000e+03 1.780000000000000000e+02
1.735000000000000000e+03 1.253000000000000000e+03
1.764000000000000000e+03 1.193000000000000000e+03
1.771000000000000000e+03 1.281000000000000000e+03
1.773000000000000000e+03 3.190000000000000000e+02
1.778000000000000000e+03 3.040000000000000000e+02
1.779000000000000000e+03 3.180000000000000000e+02
1.793000000000000000e+03 2.850000000000000000e+02
1.833000000000000000e+03 3.110000000000000000e+02
1.834000000000000000e+03 6.260000000000000000e+02
1.837000000000000000e+03 2.010000000000000000e+02
1.858000000000000000e+03 9.230000000000000000e+02
1.859000000000000000e+03 9.280000000000000000e+02
1.862000000000000000e+03 1.188000000000000000e+03
1.867000000000000000e+03 1.208000000000000000e+03
1.872000000000000000e+03 2.180000000000000000e+02
1.876000000000000000e+03 3.230000000000000000e+02
1.877000000000000000e+03 1.750000000000000000e+02
1.879000000000000000e+03 1.790000000000000000e+02
1.882000000000000000e+03 1.080000000000000000e+02
1.886000000000000000e+03 1.710000000000000000e+02
1.888000000000000000e+03 9.700000000000000000e+01
1.889000000000000000e+03 1.020000000000000000e+02
1.892000000000000000e+03 5.100000000000000000e+01
1.906000000000000000e+03 1.990000000000000000e+02
1.906000000000000000e+03 4.690000000000000000e+02
1.921000000000000000e+03 8.000000000000000000e+00
1.921000000000000000e+03 1.430000000000000000e+02
1.922000000000000000e+03 1.186000000000000000e+03
1.925000000000000000e+03 1.270000000000000000e+03
1.930000000000000000e+03 1.370000000000000000e+02
1.941000000000000000e+03 5.340000000000000000e+02
1.981000000000000000e+03 6.230000000000000000e+02
2.010000000000000000e+03 1.182000000000000000e+03
2.012000000000000000e+03 1.200000000000000000e+03
2.015000000000000000e+03 2.560000000000000000e+02
2.018000000000000000e+03 1.024000000000000000e+03
2.021000000000000000e+03 1.517000000000000000e+03
2.025000000000000000e+03 1.532000000000000000e+03
2.026000000000000000e+03 1.073000000000000000e+03
2.033000000000000000e+03 1.790000000000000000e+02
2.035000000000000000e+03 1.040000000000000000e+03
2.039000000000000000e+03 1.101000000000000000e+03
2.039000000000000000e+03 1.109000000000000000e+03
2.041000000000000000e+03 7.560000000000000000e+02
2.042000000000000000e+03 1.132000000000000000e+03
2.043000000000000000e+03 5.450000000000000000e+02
2.045000000000000000e+03 5.520000000000000000e+02
2.046000000000000000e+03 3.560000000000000000e+02
2.046000000000000000e+03 4.470000000000000000e+02
2.049000000000000000e+03 6.000000000000000000e+02
2.052000000000000000e+03 5.500000000000000000e+01
2.054000000000000000e+03 1.850000000000000000e+02
2.059000000000000000e+03 1.877000000000000000e+03
2.066000000000000000e+03 1.180000000000000000e+03
2.069000000000000000e+03 1.259000000000000000e+03
2.071000000000000000e+03 4.540000000000000000e+02
2.075000000000000000e+03 4.480000000000000000e+02
2.085000000000000000e+03 1.180000000000000000e+02
2.088000000000000000e+03 1.030000000000000000e+03
2.095000000000000000e+03 7.760000000000000000e+02
2.100000000000000000e+03 5.550000000000000000e+02
2.105000000000000000e+03 9.830000000000000000e+02
2.107000000000000000e+03 1.207000000000000000e+03
2.115000000000000000e+03 2.840000000000000000e+02
2.130000000000000000e+03 9.760000000000000000e+02
2.146000000000000000e+03 1.176000000000000000e+03
2.154000000000000000e+03 1.605000000000000000e+03
2.168000000000000000e+03 8.940000000000000000e+02
2.170000000000000000e+03 1.200000000000000000e+02
2.170000000000000000e+03 3.980000000000000000e+02
2.172000000000000000e+03 3.070000000000000000e+02
2.172000000000000000e+03 1.538000000000000000e+03
2.174000000000000000e+03 2.130000000000000000e+02
2.184000000000000000e+03 3.040000000000000000e+02
2.191000000000000000e+03 5.700000000000000000e+02
2.199000000000000000e+03 2.190000000000000000e+02
2.202000000000000000e+03 1.020000000000000000e+03
2.203000000000000000e+03 5.670000000000000000e+02
2.206000000000000000e+03 4.870000000000000000e+02
2.236000000000000000e+03 2.300000000000000000e+02
2.237000000000000000e+03 5.590000000000000000e+02
2.238000000000000000e+03 5.500000000000000000e+01
2.248000000000000000e+03 1.248000000000000000e+03
2.251000000000000000e+03 9.800000000000000000e+02
2.252000000000000000e+03 2.350000000000000000e+02
2.254000000000000000e+03 9.000000000000000000e+01
2.261000000000000000e+03 8.110000000000000000e+02
2.289000000000000000e+03 1.247000000000000000e+03
2.289000000000000000e+03 1.251000000000000000e+03
2.301000000000000000e+03 1.608000000000000000e+03
2.308000000000000000e+03 2.550000000000000000e+02
2.316000000000000000e+03 2.550000000000000000e+02
2.325000000000000000e+03 7.420000000000000000e+02
2.327000000000000000e+03 6.830000000000000000e+02
2.327000000000000000e+03 7.090000000000000000e+02
2.329000000000000000e+03 1.821000000000000000e+03
2.331000000000000000e+03 1.334000000000000000e+03
2.333000000000000000e+03 9.960000000000000000e+02
2.335000000000000000e+03 1.051000000000000000e+03
2.336000000000000000e+03 1.106000000000000000e+03
2.338000000000000000e+03 1.161000000000000000e+03
2.364000000000000000e+03 8.260000000000000000e+02
2.365000000000000000e+03 9.350000000000000000e+02
2.391000000000000000e+03 1.849000000000000000e+03
2.406000000000000000e+03 6.110000000000000000e+02
2.412000000000000000e+03 8.800000000000000000e+02
2.413000000000000000e+03 9.890000000000000000e+02
2.416000000000000000e+03 1.440000000000000000e+02
2.440000000000000000e+03 2.600000000000000000e+02
2.446000000000000000e+03 1.339000000000000000e+03
2.455000000000000000e+03 7.700000000000000000e+01
2.455000000000000000e+03 1.646000000000000000e+03
2.457000000000000000e+03 1.890000000000000000e+02
2.458000000000000000e+03 2.470000000000000000e+02
2.460000000000000000e+03 3.490000000000000000e+02
2.460000000000000000e+03 7.030000000000000000e+02
2.461000000000000000e+03 5.080000000000000000e+02
2.463000000000000000e+03 1.010000000000000000e+02
2.466000000000000000e+03 1.590000000000000000e+03
2.467000000000000000e+03 7.710000000000000000e+02
2.478000000000000000e+03 1.030000000000000000e+02
2.479000000000000000e+03 8.980000000000000000e+02
2.480000000000000000e+03 1.056000000000000000e+03
2.482000000000000000e+03 1.104000000000000000e+03
2.487000000000000000e+03 4.130000000000000000e+02
2.487000000000000000e+03 4.210000000000000000e+02
2.488000000000000000e+03 2.350000000000000000e+02
2.490000000000000000e+03 3.210000000000000000e+02
2.490000000000000000e+03 3.290000000000000000e+02
2.491000000000000000e+03 3.960000000000000000e+02
2.491000000000000000e+03 4.220000000000000000e+02
2.492000000000000000e+03 4.150000000000000000e+02
2.492000000000000000e+03 8.160000000000000000e+02
2.495000000000000000e+03 1.018000000000000000e+03
2.496000000000000000e+03 8.210000000000000000e+02
2.497000000000000000e+03 8.800000000000000000e+02
2.498000000000000000e+03 9.510000000000000000e+02
2.499000000000000000e+03 1.270000000000000000e+02
2.499000000000000000e+03 1.025000000000000000e+03
2.499000000000000000e+03 1.030000000000000000e+03
2.503000000000000000e+03 8.600000000000000000e+01
2.506000000000000000e+03 1.270000000000000000e+02
2.508000000000000000e+03 7.400000000000000000e+01
2.515000000000000000e+03 1.010000000000000000e+02
2.515000000000000000e+03 7.250000000000000000e+02
2.517000000000000000e+03 1.610000000000000000e+02
2.517000000000000000e+03 7.490000000000000000e+02
2.519000000000000000e+03 9.100000000000000000e+01
2.523000000000000000e+03 2.880000000000000000e+02
2.524000000000000000e+03 9.020000000000000000e+02
2.526000000000000000e+03 4.210000000000000000e+02
2.526000000000000000e+03 5.590000000000000000e+02
2.529000000000000000e+03 5.370000000000000000e+02
2.531000000000000000e+03 9.020000000000000000e+02
2.533000000000000000e+03 6.940000000000000000e+02
2.533000000000000000e+03 1.106000000000000000e+03
2.534000000000000000e+03 1.062000000000000000e+03
2.534000000000000000e+03 1.098000000000000000e+03
2.537000000000000000e+03 1.068000000000000000e+03
2.540000000000000000e+03 1.209000000000000000e+03
2.541000000000000000e+03 1.217000000000000000e+03
2.542000000000000000e+03 1.076000000000000000e+03
2.542000000000000000e+03 1.081000000000000000e+03
2.544000000000000000e+03 2.990000000000000000e+02
2.545000000000000000e+03 3.760000000000000000e+02
2.546000000000000000e+03 4.490000000000000000e+02
2.548000000000000000e+03 2.990000000000000000e+02
2.548000000000000000e+03 1.081000000000000000e+03
2.549000000000000000e+03 3.550000000000000000e+02
2.550000000000000000e+03 4.280000000000000000e+02
2.551000000000000000e+03 1.097000000000000000e+03
2.552000000000000000e+03 1.069000000000000000e+03
2.552000000000000000e+03 1.093000000000000000e+03
2.553000000000000000e+03 5.810000000000000000e+02
2.555000000000000000e+03 1.063000000000000000e+03
2.555000000000000000e+03 1.097000000000000000e+03
2.555000000000000000e+03 1.208000000000000000e+03
2.555000000000000000e+03 1.213000000000000000e+03
2.556000000000000000e+03 8.600000000000000000e+02
2.558000000000000000e+03 9.720000000000000000e+02
2.559000000000000000e+03 1.062000000000000000e+03
2.561000000000000000e+03 7.330000000000000000e+02
2.562000000000000000e+03 5.840000000000000000e+02
2.562000000000000000e+03 7.050000000000000000e+02
2.580000000000000000e+03 3.300000000000000000e+01
2.581000000000000000e+03 1.650000000000000000e+02
2.584000000000000000e+03 1.440000000000000000e+02
2.586000000000000000e+03 1.440000000000000000e+02
2.591000000000000000e+03 5.170000000000000000e+02
2.599000000000000000e+03 1.620000000000000000e+02
2.611000000000000000e+03 1.400000000000000000e+02
2.616000000000000000e+03 5.620000000000000000e+02
2.616000000000000000e+03 5.870000000000000000e+02
2.618000000000000000e+03 5.340000000000000000e+02
2.621000000000000000e+03 7.300000000000000000e+02
2.625000000000000000e+03 1.130000000000000000e+03
2.627000000000000000e+03 8.860000000000000000e+02
2.629000000000000000e+03 1.041000000000000000e+03
2.630000000000000000e+03 1.093000000000000000e+03
2.649000000000000000e+03 1.635000000000000000e+03
2.662000000000000000e+03 6.210000000000000000e+02
2.667000000000000000e+03 6.150000000000000000e+02
2.683000000000000000e+03 6.320000000000000000e+02
2.684000000000000000e+03 6.280000000000000000e+02
2.687000000000000000e+03 6.220000000000000000e+02
2.691000000000000000e+03 1.225000000000000000e+03
2.694000000000000000e+03 6.220000000000000000e+02
2.697000000000000000e+03 6.160000000000000000e+02
2.728000000000000000e+03 8.390000000000000000e+02
2.748000000000000000e+03 1.436000000000000000e+03
2.757000000000000000e+03 1.438000000000000000e+03
2.794000000000000000e+03 6.220000000000000000e+02
2.822000000000000000e+03 2.080000000000000000e+02
2.830000000000000000e+03 4.200000000000000000e+01
2.834000000000000000e+03 5.590000000000000000e+02
2.836000000000000000e+03 1.690000000000000000e+02
2.839000000000000000e+03 2.320000000000000000e+02
2.841000000000000000e+03 7.380000000000000000e+02
2.843000000000000000e+03 1.124000000000000000e+03
2.844000000000000000e+03 7.920000000000000000e+02
2.846000000000000000e+03 2.660000000000000000e+02
2.850000000000000000e+03 5.490000000000000000e+02
2.852000000000000000e+03 8.110000000000000000e+02
2.852000000000000000e+03 9.090000000000000000e+02
2.860000000000000000e+03 6.140000000000000000e+02
2.864000000000000000e+03 3.210000000000000000e+02
2.865000000000000000e+03 8.850000000000000000e+02
2.867000000000000000e+03 1.046000000000000000e+03
2.869000000000000000e+03 3.210000000000000000e+02
2.879000000000000000e+03 1.600000000000000000e+02
2.883000000000000000e+03 1.570000000000000000e+02
2.883000000000000000e+03 3.710000000000000000e+02
2.885000000000000000e+03 7.460000000000000000e+02
2.887000000000000000e+03 7.410000000000000000e+02
2.890000000000000000e+03 7.230000000000000000e+02
2.892000000000000000e+03 1.570000000000000000e+02
2.895000000000000000e+03 9.610000000000000000e+02
2.895000000000000000e+03 9.720000000000000000e+02
2.895000000000000000e+03 1.006000000000000000e+03
2.899000000000000000e+03 1.002000000000000000e+03
2.899000000000000000e+03 1.006000000000000000e+03
2.904000000000000000e+03 9.950000000000000000e+02
2.904000000000000000e+03 1.194000000000000000e+03
2.905000000000000000e+03 6.460000000000000000e+02
2.907000000000000000e+03 1.680000000000000000e+02
2.909000000000000000e+03 9.810000000000000000e+02
2.909000000000000000e+03 1.568000000000000000e+03
2.911000000000000000e+03 5.420000000000000000e+02
2.911000000000000000e+03 9.310000000000000000e+02
2.915000000000000000e+03 9.420000000000000000e+02
2.917000000000000000e+03 7.590000000000000000e+02
2.917000000000000000e+03 1.045000000000000000e+03
2.923000000000000000e+03 7.570000000000000000e+02
2.929000000000000000e+03 7.790000000000000000e+02
2.956000000000000000e+03 6.230000000000000000e+02
2.966000000000000000e+03 7.990000000000000000e+02
2.971000000000000000e+03 7.300000000000000000e+01
2.971000000000000000e+03 5.750000000000000000e+02
2.972000000000000000e+03 6.170000000000000000e+02
2.979000000000000000e+03 1.122000000000000000e+03
2.980000000000000000e+03 9.920000000000000000e+02
2.998000000000000000e+03 7.330000000000000000e+02
3.006000000000000000e+03 7.150000000000000000e+02
3.011000000000000000e+03 2.530000000000000000e+02
3.011000000000000000e+03 2.670000000000000000e+02
3.012000000000000000e+03 3.760000000000000000e+02
3.013000000000000000e+03 2.590000000000000000e+02
3.013000000000000000e+03 3.550000000000000000e+02
3.014000000000000000e+03 2.610000000000000000e+02
3.015000000000000000e+03 7.340000000000000000e+02
3.017000000000000000e+03 2.640000000000000000e+02
3.017000000000000000e+03 7.270000000000000000e+02
3.018000000000000000e+03 3.810000000000000000e+02
3.019000000000000000e+03 2.500000000000000000e+02
3.022000000000000000e+03 3.600000000000000000e+02
3.024000000000000000e+03 2.510000000000000000e+02
3.025000000000000000e+03 7.300000000000000000e+02
3.026000000000000000e+03 2.850000000000000000e+02
3.026000000000000000e+03 3.450000000000000000e+02
3.027000000000000000e+03 1.128000000000000000e+03
3.035000000000000000e+03 1.611000000000000000e+03
3.036000000000000000e+03 3.200000000000000000e+02
3.040000000000000000e+03 2.580000000000000000e+02
3.040000000000000000e+03 3.470000000000000000e+02
3.041000000000000000e+03 7.240000000000000000e+02
3.045000000000000000e+03 1.850000000000000000e+02
3.045000000000000000e+03 7.110000000000000000e+02
3.047000000000000000e+03 7.260000000000000000e+02
3.057000000000000000e+03 3.480000000000000000e+02
3.058000000000000000e+03 1.800000000000000000e+02
3.059000000000000000e+03 1.740000000000000000e+02
3.061000000000000000e+03 6.240000000000000000e+02
3.063000000000000000e+03 9.400000000000000000e+01
3.064000000000000000e+03 7.100000000000000000e+02
3.067000000000000000e+03 1.120000000000000000e+02
3.067000000000000000e+03 2.190000000000000000e+02
1.680000000000000000e+02 6.750000000000000000e+02
2.330000000000000000e+02 1.225000000000000000e+03
2.650000000000000000e+02 9.560000000000000000e+02
2.730000000000000000e+02 1.172000000000000000e+03
5.320000000000000000e+02 3.920000000000000000e+02
5.330000000000000000e+02 3.960000000000000000e+02
7.210000000000000000e+02 2.630000000000000000e+02
7.830000000000000000e+02 4.270000000000000000e+02
9.470000000000000000e+02 8.000000000000000000e+00
9.840000000000000000e+02 9.000000000000000000e+00
1.503000000000000000e+03 7.520000000000000000e+02
1.565000000000000000e+03 6.480000000000000000e+02
1.572000000000000000e+03 7.500000000000000000e+02
1.574000000000000000e+03 1.360000000000000000e+02
1.615000000000000000e+03 9.170000000000000000e+02
1.834000000000000000e+03 6.260000000000000000e+02
1.855000000000000000e+03 2.680000000000000000e+02
1.862000000000000000e+03 9.150000000000000000e+02
1.863000000000000000e+03 9.230000000000000000e+02
1.889000000000000000e+03 1.020000000000000000e+02
1.941000000000000000e+03 3.620000000000000000e+02
2.104000000000000000e+03 9.730000000000000000e+02
2.105000000000000000e+03 9.830000000000000000e+02
2.132000000000000000e+03 6.340000000000000000e+02
2.172000000000000000e+03 3.070000000000000000e+02
2.202000000000000000e+03 1.020000000000000000e+03
2.237000000000000000e+03 5.590000000000000000e+02
2.258000000000000000e+03 8.200000000000000000e+01
2.289000000000000000e+03 1.251000000000000000e+03
2.307000000000000000e+03 3.130000000000000000e+02
2.478000000000000000e+03 1.030000000000000000e+02
2.479000000000000000e+03 8.980000000000000000e+02
2.482000000000000000e+03 1.104000000000000000e+03
2.517000000000000000e+03 3.140000000000000000e+02
2.523000000000000000e+03 2.880000000000000000e+02
2.526000000000000000e+03 4.280000000000000000e+02
2.526000000000000000e+03 5.590000000000000000e+02
2.607000000000000000e+03 2.300000000000000000e+01
2.616000000000000000e+03 5.620000000000000000e+02
2.684000000000000000e+03 6.280000000000000000e+02
2.846000000000000000e+03 1.853000000000000000e+03
2.867000000000000000e+03 1.046000000000000000e+03
2.873000000000000000e+03 2.010000000000000000e+02
2.883000000000000000e+03 1.570000000000000000e+02
2.895000000000000000e+03 6.230000000000000000e+02
2.899000000000000000e+03 1.710000000000000000e+02
2.904000000000000000e+03 9.880000000000000000e+02
2.904000000000000000e+03 9.950000000000000000e+02
2.907000000000000000e+03 1.690000000000000000e+02
2.909000000000000000e+03 1.890000000000000000e+02
2.937000000000000000e+03 1.160000000000000000e+02
2.939000000000000000e+03 1.233000000000000000e+03
3.044000000000000000e+03 2.540000000000000000e+02
3.061000000000000000e+03 7.260000000000000000e+02
3.300000000000000000e+01 3.940000000000000000e+02
5.400000000000000000e+01 4.950000000000000000e+02
1.000000000000000000e+02 1.116000000000000000e+03
1.630000000000000000e+02 1.172000000000000000e+03
2.280000000000000000e+02 1.517000000000000000e+03
3.390000000000000000e+02 9.900000000000000000e+01
5.500000000000000000e+02 1.123000000000000000e+03
5.580000000000000000e+02 9.850000000000000000e+02
5.790000000000000000e+02 9.190000000000000000e+02
8.220000000000000000e+02 1.211000000000000000e+03
8.270000000000000000e+02 5.560000000000000000e+02
8.520000000000000000e+02 4.980000000000000000e+02
8.640000000000000000e+02 3.400000000000000000e+02
9.060000000000000000e+02 3.600000000000000000e+02
9.140000000000000000e+02 9.600000000000000000e+01
9.430000000000000000e+02 1.345000000000000000e+03
1.037000000000000000e+03 4.840000000000000000e+02
1.039000000000000000e+03 8.050000000000000000e+02
1.041000000000000000e+03 2.031000000000000000e+03
1.066000000000000000e+03 9.610000000000000000e+02
1.092000000000000000e+03 1.305000000000000000e+03
1.190000000000000000e+03 1.940000000000000000e+02
1.279000000000000000e+03 5.690000000000000000e+02
1.315000000000000000e+03 1.214000000000000000e+03
1.349000000000000000e+03 1.105000000000000000e+03
1.350000000000000000e+03 1.109000000000000000e+03
1.443000000000000000e+03 2.460000000000000000e+02
1.504000000000000000e+03 7.620000000000000000e+02
1.509000000000000000e+03 1.190000000000000000e+02
1.535000000000000000e+03 7.440000000000000000e+02
1.562000000000000000e+03 4.230000000000000000e+02
1.607000000000000000e+03 9.450000000000000000e+02
1.610000000000000000e+03 5.940000000000000000e+02
1.611000000000000000e+03 8.140000000000000000e+02
1.615000000000000000e+03 9.170000000000000000e+02
1.632000000000000000e+03 9.240000000000000000e+02
1.672000000000000000e+03 6.050000000000000000e+02
1.689000000000000000e+03 9.920000000000000000e+02
1.695000000000000000e+03 1.196000000000000000e+03
1.706000000000000000e+03 6.050000000000000000e+02
1.736000000000000000e+03 2.920000000000000000e+02
1.812000000000000000e+03 2.390000000000000000e+02
1.839000000000000000e+03 3.000000000000000000e+02
1.862000000000000000e+03 1.188000000000000000e+03
1.876000000000000000e+03 3.230000000000000000e+02
1.923000000000000000e+03 4.250000000000000000e+02
1.930000000000000000e+03 2.110000000000000000e+02
1.932000000000000000e+03 1.310000000000000000e+02
1.933000000000000000e+03 3.460000000000000000e+02
1.941000000000000000e+03 5.340000000000000000e+02
1.975000000000000000e+03 4.710000000000000000e+02
2.009000000000000000e+03 1.182000000000000000e+03
2.023000000000000000e+03 1.002000000000000000e+03
2.069000000000000000e+03 1.259000000000000000e+03
2.073000000000000000e+03 8.660000000000000000e+02
2.097000000000000000e+03 1.246000000000000000e+03
2.100000000000000000e+03 5.550000000000000000e+02
2.118000000000000000e+03 2.520000000000000000e+02
2.131000000000000000e+03 6.380000000000000000e+02
2.140000000000000000e+03 3.790000000000000000e+02
2.142000000000000000e+03 5.580000000000000000e+02
2.146000000000000000e+03 1.176000000000000000e+03
2.149000000000000000e+03 1.233000000000000000e+03
2.203000000000000000e+03 8.000000000000000000e+00
2.223000000000000000e+03 1.188000000000000000e+03
2.263000000000000000e+03 4.950000000000000000e+02
2.263000000000000000e+03 9.870000000000000000e+02
2.316000000000000000e+03 2.550000000000000000e+02
2.324000000000000000e+03 5.940000000000000000e+02
2.326000000000000000e+03 7.380000000000000000e+02
2.329000000000000000e+03 1.821000000000000000e+03
2.331000000000000000e+03 1.334000000000000000e+03
2.416000000000000000e+03 1.440000000000000000e+02
2.437000000000000000e+03 1.880000000000000000e+02
2.491000000000000000e+03 1.500000000000000000e+02
2.508000000000000000e+03 1.140000000000000000e+02
2.517000000000000000e+03 1.610000000000000000e+02
2.517000000000000000e+03 7.490000000000000000e+02
2.526000000000000000e+03 1.050000000000000000e+02
2.539000000000000000e+03 1.232000000000000000e+03
2.559000000000000000e+03 1.231000000000000000e+03
2.562000000000000000e+03 5.840000000000000000e+02
2.562000000000000000e+03 7.050000000000000000e+02
2.583000000000000000e+03 1.700000000000000000e+02
2.591000000000000000e+03 1.750000000000000000e+02
2.591000000000000000e+03 5.170000000000000000e+02
2.600000000000000000e+03 5.870000000000000000e+02
2.600000000000000000e+03 7.950000000000000000e+02
2.611000000000000000e+03 1.400000000000000000e+02
2.616000000000000000e+03 5.870000000000000000e+02
2.836000000000000000e+03 1.690000000000000000e+02
2.870000000000000000e+03 7.280000000000000000e+02
2.885000000000000000e+03 2.310000000000000000e+02
2.888000000000000000e+03 2.750000000000000000e+02
2.895000000000000000e+03 1.006000000000000000e+03
2.904000000000000000e+03 9.870000000000000000e+02
2.923000000000000000e+03 7.570000000000000000e+02
2.934000000000000000e+03 5.580000000000000000e+02
2.951000000000000000e+03 2.690000000000000000e+02
2.954000000000000000e+03 8.140000000000000000e+02
2.958000000000000000e+03 2.280000000000000000e+02
2.971000000000000000e+03 7.300000000000000000e+01
2.973000000000000000e+03 2.400000000000000000e+02
3.006000000000000000e+03 7.150000000000000000e+02
3.010000000000000000e+03 2.530000000000000000e+02
3.036000000000000000e+03 7.270000000000000000e+02
3.058000000000000000e+03 1.800000000000000000e+02
3.066000000000000000e+03 1.760000000000000000e+02
3.067000000000000000e+03 2.190000000000000000e+02
4.300000000000000000e+01 1.216000000000000000e+03
4.800000000000000000e+01 1.960000000000000000e+03
1.620000000000000000e+02 1.172000000000000000e+03
1.710000000000000000e+02 1.171000000000000000e+03
1.900000000000000000e+02 9.510000000000000000e+02
2.000000000000000000e+02 1.085000000000000000e+03
3.210000000000000000e+02 1.182000000000000000e+03
3.880000000000000000e+02 1.952000000000000000e+03
4.250000000000000000e+02 1.946000000000000000e+03
4.470000000000000000e+02 1.362000000000000000e+03
4.800000000000000000e+02 1.413000000000000000e+03
5.470000000000000000e+02 4.010000000000000000e+02
6.190000000000000000e+02 1.257000000000000000e+03
6.470000000000000000e+02 7.390000000000000000e+02
6.530000000000000000e+02 1.970000000000000000e+02
6.580000000000000000e+02 5.330000000000000000e+02
7.060000000000000000e+02 6.580000000000000000e+02
7.350000000000000000e+02 6.730000000000000000e+02
7.900000000000000000e+02 3.960000000000000000e+02
7.950000000000000000e+02 1.959000000000000000e+03
8.230000000000000000e+02 2.300000000000000000e+01
8.400000000000000000e+02 8.400000000000000000e+01
8.540000000000000000e+02 4.970000000000000000e+02
9.050000000000000000e+02 8.200000000000000000e+01
9.070000000000000000e+02 1.350000000000000000e+02
1.033000000000000000e+03 8.000000000000000000e+02
1.033000000000000000e+03 8.170000000000000000e+02
1.038000000000000000e+03 2.032000000000000000e+03
1.065000000000000000e+03 1.826000000000000000e+03
1.169000000000000000e+03 1.660000000000000000e+02
1.169000000000000000e+03 7.390000000000000000e+02
1.180000000000000000e+03 1.220000000000000000e+03
1.188000000000000000e+03 1.990000000000000000e+02
1.189000000000000000e+03 9.210000000000000000e+02
1.196000000000000000e+03 2.120000000000000000e+02
1.208000000000000000e+03 9.220000000000000000e+02
1.239000000000000000e+03 2.008000000000000000e+03
1.399000000000000000e+03 1.210000000000000000e+03
1.401000000000000000e+03 2.140000000000000000e+02
1.406000000000000000e+03 2.390000000000000000e+02
1.461000000000000000e+03 1.242000000000000000e+03
1.476000000000000000e+03 1.050000000000000000e+02
1.479000000000000000e+03 1.113000000000000000e+03
1.481000000000000000e+03 3.300000000000000000e+02
1.509000000000000000e+03 1.180000000000000000e+02
1.512000000000000000e+03 6.970000000000000000e+02
1.539000000000000000e+03 7.260000000000000000e+02
1.558000000000000000e+03 1.917000000000000000e+03
1.576000000000000000e+03 7.810000000000000000e+02
1.595000000000000000e+03 1.201000000000000000e+03
1.598000000000000000e+03 4.710000000000000000e+02
1.607000000000000000e+03 9.450000000000000000e+02
1.649000000000000000e+03 1.600000000000000000e+02
1.684000000000000000e+03 1.004000000000000000e+03
1.689000000000000000e+03 9.820000000000000000e+02
1.704000000000000000e+03 1.263000000000000000e+03
1.709000000000000000e+03 9.860000000000000000e+02
1.711000000000000000e+03 1.790000000000000000e+02
1.799000000000000000e+03 3.920000000000000000e+02
1.832000000000000000e+03 3.110000000000000000e+02
1.841000000000000000e+03 2.940000000000000000e+02
1.846000000000000000e+03 7.230000000000000000e+02
1.853000000000000000e+03 1.340000000000000000e+02
1.895000000000000000e+03 3.240000000000000000e+02
1.921000000000000000e+03 1.187000000000000000e+03
1.922000000000000000e+03 4.250000000000000000e+02
1.936000000000000000e+03 3.970000000000000000e+02
1.966000000000000000e+03 3.540000000000000000e+02
2.023000000000000000e+03 4.490000000000000000e+02
2.024000000000000000e+03 1.008000000000000000e+03
2.027000000000000000e+03 1.074000000000000000e+03
2.037000000000000000e+03 1.169000000000000000e+03
2.039000000000000000e+03 1.101000000000000000e+03
2.066000000000000000e+03 1.181000000000000000e+03
2.088000000000000000e+03 1.088000000000000000e+03
2.138000000000000000e+03 2.700000000000000000e+01
2.164000000000000000e+03 1.450000000000000000e+02
2.180000000000000000e+03 1.597000000000000000e+03
2.255000000000000000e+03 8.840000000000000000e+02
2.262000000000000000e+03 4.950000000000000000e+02
2.263000000000000000e+03 1.840000000000000000e+02
2.286000000000000000e+03 5.000000000000000000e+00
2.406000000000000000e+03 6.110000000000000000e+02
2.412000000000000000e+03 1.850000000000000000e+03
2.446000000000000000e+03 1.339000000000000000e+03
2.450000000000000000e+03 1.686000000000000000e+03
2.452000000000000000e+03 1.679000000000000000e+03
2.459000000000000000e+03 9.370000000000000000e+02
2.485000000000000000e+03 2.560000000000000000e+02
2.485000000000000000e+03 2.860000000000000000e+02
2.492000000000000000e+03 4.930000000000000000e+02
2.496000000000000000e+03 1.066000000000000000e+03
2.498000000000000000e+03 7.000000000000000000e+02
2.498000000000000000e+03 1.019000000000000000e+03
2.499000000000000000e+03 1.066000000000000000e+03
2.519000000000000000e+03 7.070000000000000000e+02
2.531000000000000000e+03 7.500000000000000000e+02
2.534000000000000000e+03 1.098000000000000000e+03
2.541000000000000000e+03 9.600000000000000000e+01
2.546000000000000000e+03 3.780000000000000000e+02
2.549000000000000000e+03 4.040000000000000000e+02
2.557000000000000000e+03 8.910000000000000000e+02
2.560000000000000000e+03 1.350000000000000000e+02
2.576000000000000000e+03 3.170000000000000000e+02
2.586000000000000000e+03 1.460000000000000000e+02
2.627000000000000000e+03 8.860000000000000000e+02
2.628000000000000000e+03 9.900000000000000000e+02
2.629000000000000000e+03 1.041000000000000000e+03
2.630000000000000000e+03 1.093000000000000000e+03
2.649000000000000000e+03 1.635000000000000000e+03
2.655000000000000000e+03 1.636000000000000000e+03
2.694000000000000000e+03 3.880000000000000000e+02
2.696000000000000000e+03 5.390000000000000000e+02
2.830000000000000000e+03 3.520000000000000000e+02
2.831000000000000000e+03 4.290000000000000000e+02
2.846000000000000000e+03 2.660000000000000000e+02
2.847000000000000000e+03 2.250000000000000000e+02
2.853000000000000000e+03 2.940000000000000000e+02
2.861000000000000000e+03 5.090000000000000000e+02
2.861000000000000000e+03 8.540000000000000000e+02
2.861000000000000000e+03 8.740000000000000000e+02
2.861000000000000000e+03 8.990000000000000000e+02
2.862000000000000000e+03 9.810000000000000000e+02
2.864000000000000000e+03 2.080000000000000000e+02
2.865000000000000000e+03 8.990000000000000000e+02
2.867000000000000000e+03 1.044000000000000000e+03
2.868000000000000000e+03 2.080000000000000000e+02
2.872000000000000000e+03 1.437000000000000000e+03
2.924000000000000000e+03 3.220000000000000000e+02
2.934000000000000000e+03 3.720000000000000000e+02
2.934000000000000000e+03 1.228000000000000000e+03
2.951000000000000000e+03 2.440000000000000000e+02
2.978000000000000000e+03 8.970000000000000000e+02
2.980000000000000000e+03 1.039000000000000000e+03
2.982000000000000000e+03 8.500000000000000000e+02
3.019000000000000000e+03 2.790000000000000000e+02
3.023000000000000000e+03 3.840000000000000000e+02
3.023000000000000000e+03 7.350000000000000000e+02
3.028000000000000000e+03 1.127000000000000000e+03
3.031000000000000000e+03 2.570000000000000000e+02
3.035000000000000000e+03 1.611000000000000000e+03
3.046000000000000000e+03 7.260000000000000000e+02
3.064000000000000000e+03 7.100000000000000000e+02
1.100000000000000000e+01 1.380000000000000000e+02
3.100000000000000000e+01 1.058000000000000000e+03
4.600000000000000000e+01 1.552000000000000000e+03
9.300000000000000000e+01 1.229000000000000000e+03
9.500000000000000000e+01 1.105000000000000000e+03
1.180000000000000000e+02 1.219000000000000000e+03
1.870000000000000000e+02 6.260000000000000000e+02
1.880000000000000000e+02 2.006000000000000000e+03
1.890000000000000000e+02 1.396000000000000000e+03
2.150000000000000000e+02 1.219000000000000000e+03
2.170000000000000000e+02 1.122000000000000000e+03
2.290000000000000000e+02 2.007000000000000000e+03
3.020000000000000000e+02 1.480000000000000000e+03
3.320000000000000000e+02 6.970000000000000000e+02
3.610000000000000000e+02 1.077000000000000000e+03
4.560000000000000000e+02 1.934000000000000000e+03
7.550000000000000000e+02 1.680000000000000000e+02
7.710000000000000000e+02 2.880000000000000000e+02
7.770000000000000000e+02 3.430000000000000000e+02
8.320000000000000000e+02 1.330000000000000000e+02
9.170000000000000000e+02 7.580000000000000000e+02
1.054000000000000000e+03 1.780000000000000000e+02
1.071000000000000000e+03 4.500000000000000000e+01
1.084000000000000000e+03 1.225000000000000000e+03
1.177000000000000000e+03 1.245000000000000000e+03
1.188000000000000000e+03 9.190000000000000000e+02
1.206000000000000000e+03 8.900000000000000000e+02
1.248000000000000000e+03 3.090000000000000000e+02
1.349000000000000000e+03 1.116000000000000000e+03
1.361000000000000000e+03 1.077000000000000000e+03
1.389000000000000000e+03 7.360000000000000000e+02
1.392000000000000000e+03 1.250000000000000000e+02
1.399000000000000000e+03 1.308000000000000000e+03
1.407000000000000000e+03 5.530000000000000000e+02
1.443000000000000000e+03 1.290000000000000000e+03
1.475000000000000000e+03 1.050000000000000000e+02
1.479000000000000000e+03 6.230000000000000000e+02
1.480000000000000000e+03 4.690000000000000000e+02
1.503000000000000000e+03 7.190000000000000000e+02
1.522000000000000000e+03 1.276000000000000000e+03
1.524000000000000000e+03 9.100000000000000000e+02
1.530000000000000000e+03 3.260000000000000000e+02
1.531000000000000000e+03 6.840000000000000000e+02
1.544000000000000000e+03 1.230000000000000000e+02
1.547000000000000000e+03 4.640000000000000000e+02
1.572000000000000000e+03 9.200000000000000000e+02
1.594000000000000000e+03 7.780000000000000000e+02
1.601000000000000000e+03 9.250000000000000000e+02
1.611000000000000000e+03 8.150000000000000000e+02
1.614000000000000000e+03 9.160000000000000000e+02
1.631000000000000000e+03 4.930000000000000000e+02
1.658000000000000000e+03 9.410000000000000000e+02
1.683000000000000000e+03 1.968000000000000000e+03
1.704000000000000000e+03 1.217000000000000000e+03
1.710000000000000000e+03 9.360000000000000000e+02
1.711000000000000000e+03 7.640000000000000000e+02
1.733000000000000000e+03 1.059000000000000000e+03
1.764000000000000000e+03 1.194000000000000000e+03
1.771000000000000000e+03 1.281000000000000000e+03
1.783000000000000000e+03 3.700000000000000000e+02
1.799000000000000000e+03 3.910000000000000000e+02
1.827000000000000000e+03 7.410000000000000000e+02
1.832000000000000000e+03 3.370000000000000000e+02
1.862000000000000000e+03 7.890000000000000000e+02
1.867000000000000000e+03 2.120000000000000000e+02
1.867000000000000000e+03 7.890000000000000000e+02
1.867000000000000000e+03 1.207000000000000000e+03
1.894000000000000000e+03 2.710000000000000000e+02
1.894000000000000000e+03 1.818000000000000000e+03
1.920000000000000000e+03 1.188000000000000000e+03
1.930000000000000000e+03 2.120000000000000000e+02
1.930000000000000000e+03 9.920000000000000000e+02
1.933000000000000000e+03 3.450000000000000000e+02
1.940000000000000000e+03 1.700000000000000000e+01
1.998000000000000000e+03 1.108000000000000000e+03
1.999000000000000000e+03 1.300000000000000000e+01
2.012000000000000000e+03 1.243000000000000000e+03
2.062000000000000000e+03 3.250000000000000000e+02
2.069000000000000000e+03 1.258000000000000000e+03
2.090000000000000000e+03 8.300000000000000000e+01
2.092000000000000000e+03 2.490000000000000000e+02
2.105000000000000000e+03 2.990000000000000000e+02
2.106000000000000000e+03 7.970000000000000000e+02
2.106000000000000000e+03 8.250000000000000000e+02
2.107000000000000000e+03 6.850000000000000000e+02
2.111000000000000000e+03 5.400000000000000000e+01
2.119000000000000000e+03 2.450000000000000000e+02
2.119000000000000000e+03 1.065000000000000000e+03
2.141000000000000000e+03 4.340000000000000000e+02
2.149000000000000000e+03 1.193000000000000000e+03
2.155000000000000000e+03 1.604000000000000000e+03
2.168000000000000000e+03 1.460000000000000000e+02
2.169000000000000000e+03 7.400000000000000000e+01
2.174000000000000000e+03 1.210000000000000000e+02
2.222000000000000000e+03 2.210000000000000000e+02
2.229000000000000000e+03 9.930000000000000000e+02
2.247000000000000000e+03 3.660000000000000000e+02
2.249000000000000000e+03 3.820000000000000000e+02
2.259000000000000000e+03 4.200000000000000000e+01
2.261000000000000000e+03 8.120000000000000000e+02
2.275000000000000000e+03 1.492000000000000000e+03
2.277000000000000000e+03 1.611000000000000000e+03
2.295000000000000000e+03 1.561000000000000000e+03
2.335000000000000000e+03 1.052000000000000000e+03
2.357000000000000000e+03 1.524000000000000000e+03
2.388000000000000000e+03 1.462000000000000000e+03
2.392000000000000000e+03 5.800000000000000000e+02
2.416000000000000000e+03 1.450000000000000000e+02
2.460000000000000000e+03 1.647000000000000000e+03
2.464000000000000000e+03 8.970000000000000000e+02
2.464000000000000000e+03 9.090000000000000000e+02
2.465000000000000000e+03 9.620000000000000000e+02
2.466000000000000000e+03 1.027000000000000000e+03
2.466000000000000000e+03 1.589000000000000000e+03
2.484000000000000000e+03 2.360000000000000000e+02
2.490000000000000000e+03 3.930000000000000000e+02
2.491000000000000000e+03 3.500000000000000000e+02
2.491000000000000000e+03 4.640000000000000000e+02
2.493000000000000000e+03 8.290000000000000000e+02
2.493000000000000000e+03 8.380000000000000000e+02
2.496000000000000000e+03 1.033000000000000000e+03
2.496000000000000000e+03 1.068000000000000000e+03
2.497000000000000000e+03 8.610000000000000000e+02
2.497000000000000000e+03 1.079000000000000000e+03
2.525000000000000000e+03 5.860000000000000000e+02
2.534000000000000000e+03 1.062000000000000000e+03
2.544000000000000000e+03 2.460000000000000000e+02
2.546000000000000000e+03 3.790000000000000000e+02
2.547000000000000000e+03 3.900000000000000000e+02
2.547000000000000000e+03 4.280000000000000000e+02
2.550000000000000000e+03 1.280000000000000000e+02
2.550000000000000000e+03 4.730000000000000000e+02
2.552000000000000000e+03 1.081000000000000000e+03
2.556000000000000000e+03 8.630000000000000000e+02
2.557000000000000000e+03 8.890000000000000000e+02
2.558000000000000000e+03 9.730000000000000000e+02
2.558000000000000000e+03 9.970000000000000000e+02
2.566000000000000000e+03 7.220000000000000000e+02
2.650000000000000000e+03 8.100000000000000000e+02
2.690000000000000000e+03 1.120000000000000000e+02
2.691000000000000000e+03 3.890000000000000000e+02
2.757000000000000000e+03 2.350000000000000000e+02
2.829000000000000000e+03 3.310000000000000000e+02
2.831000000000000000e+03 8.430000000000000000e+02
2.833000000000000000e+03 3.740000000000000000e+02
2.833000000000000000e+03 8.120000000000000000e+02
2.834000000000000000e+03 4.910000000000000000e+02
2.839000000000000000e+03 1.090000000000000000e+03
2.861000000000000000e+03 4.460000000000000000e+02
2.861000000000000000e+03 5.100000000000000000e+02
2.864000000000000000e+03 8.850000000000000000e+02
2.866000000000000000e+03 9.530000000000000000e+02
2.866000000000000000e+03 9.770000000000000000e+02
2.866000000000000000e+03 1.022000000000000000e+03
2.867000000000000000e+03 1.000000000000000000e+03
2.883000000000000000e+03 7.340000000000000000e+02
2.888000000000000000e+03 7.000000000000000000e+01
2.893000000000000000e+03 2.240000000000000000e+02
2.895000000000000000e+03 9.720000000000000000e+02
2.910000000000000000e+03 7.200000000000000000e+02
2.914000000000000000e+03 8.550000000000000000e+02
2.914000000000000000e+03 8.770000000000000000e+02
2.914000000000000000e+03 1.064000000000000000e+03
2.916000000000000000e+03 1.041000000000000000e+03
2.916000000000000000e+03 1.065000000000000000e+03
2.917000000000000000e+03 1.083000000000000000e+03
2.926000000000000000e+03 1.820000000000000000e+02
2.971000000000000000e+03 5.750000000000000000e+02
2.979000000000000000e+03 9.440000000000000000e+02
2.980000000000000000e+03 9.920000000000000000e+02
2.982000000000000000e+03 1.087000000000000000e+03
3.000000000000000000e+03 7.540000000000000000e+02
3.023000000000000000e+03 3.840000000000000000e+02
3.026000000000000000e+03 2.860000000000000000e+02
3.027000000000000000e+03 1.720000000000000000e+02
3.061000000000000000e+03 9.400000000000000000e+01
3.065000000000000000e+03 7.640000000000000000e+02
3.070000000000000000e+03 1.290000000000000000e+02
3.200000000000000000e+01 1.498000000000000000e+03
8.300000000000000000e+01 4.250000000000000000e+02
9.600000000000000000e+01 1.105000000000000000e+03
1.060000000000000000e+02 1.117000000000000000e+03
1.880000000000000000e+02 2.007000000000000000e+03
2.070000000000000000e+02 1.086000000000000000e+03
2.300000000000000000e+02 1.773000000000000000e+03
2.350000000000000000e+02 1.109000000000000000e+03
2.390000000000000000e+02 6.140000000000000000e+02
2.440000000000000000e+02 1.170000000000000000e+03
2.530000000000000000e+02 1.155000000000000000e+03
2.940000000000000000e+02 1.482000000000000000e+03
3.120000000000000000e+02 1.390000000000000000e+03
3.190000000000000000e+02 8.870000000000000000e+02
3.320000000000000000e+02 6.100000000000000000e+01
3.410000000000000000e+02 1.089000000000000000e+03
3.860000000000000000e+02 1.989000000000000000e+03
4.110000000000000000e+02 1.589000000000000000e+03
4.220000000000000000e+02 1.376000000000000000e+03
4.600000000000000000e+02 1.499000000000000000e+03
4.970000000000000000e+02 8.150000000000000000e+02
5.310000000000000000e+02 6.000000000000000000e+00
5.970000000000000000e+02 3.990000000000000000e+02
5.970000000000000000e+02 1.088000000000000000e+03
6.310000000000000000e+02 7.620000000000000000e+02
6.980000000000000000e+02 5.390000000000000000e+02
8.060000000000000000e+02 3.560000000000000000e+02
8.450000000000000000e+02 1.730000000000000000e+03
8.820000000000000000e+02 5.680000000000000000e+02
9.310000000000000000e+02 1.233000000000000000e+03
9.820000000000000000e+02 1.600000000000000000e+02
9.910000000000000000e+02 1.324000000000000000e+03
1.025000000000000000e+03 7.860000000000000000e+02
1.058000000000000000e+03 7.290000000000000000e+02
1.066000000000000000e+03 5.870000000000000000e+02
1.070000000000000000e+03 6.400000000000000000e+02
1.088000000000000000e+03 8.590000000000000000e+02
1.090000000000000000e+03 1.250000000000000000e+03
1.099000000000000000e+03 5.530000000000000000e+02
1.148000000000000000e+03 1.063000000000000000e+03
1.168000000000000000e+03 7.400000000000000000e+02
1.171000000000000000e+03 1.934000000000000000e+03
1.178000000000000000e+03 1.244000000000000000e+03
1.179000000000000000e+03 1.221000000000000000e+03
1.181000000000000000e+03 1.324000000000000000e+03
1.183000000000000000e+03 2.400000000000000000e+02
1.186000000000000000e+03 7.550000000000000000e+02
1.195000000000000000e+03 4.720000000000000000e+02
1.196000000000000000e+03 4.570000000000000000e+02
1.204000000000000000e+03 5.770000000000000000e+02
1.213000000000000000e+03 7.360000000000000000e+02
1.251000000000000000e+03 1.256000000000000000e+03
1.268000000000000000e+03 1.230000000000000000e+03
1.389000000000000000e+03 9.260000000000000000e+02
1.389000000000000000e+03 9.800000000000000000e+02
1.491000000000000000e+03 5.410000000000000000e+02
1.492000000000000000e+03 2.720000000000000000e+02
1.501000000000000000e+03 7.340000000000000000e+02
1.502000000000000000e+03 7.200000000000000000e+02
1.506000000000000000e+03 7.090000000000000000e+02
1.511000000000000000e+03 6.970000000000000000e+02
1.522000000000000000e+03 1.226000000000000000e+03
1.550000000000000000e+03 9.510000000000000000e+02
1.563000000000000000e+03 8.870000000000000000e+02
1.575000000000000000e+03 9.320000000000000000e+02
1.587000000000000000e+03 1.460000000000000000e+02
1.596000000000000000e+03 1.294000000000000000e+03
1.644000000000000000e+03 9.910000000000000000e+02
1.646000000000000000e+03 1.187000000000000000e+03
1.666000000000000000e+03 9.510000000000000000e+02
1.703000000000000000e+03 1.262000000000000000e+03
1.712000000000000000e+03 1.800000000000000000e+02
1.717000000000000000e+03 4.270000000000000000e+02
1.729000000000000000e+03 1.950000000000000000e+03
1.735000000000000000e+03 8.110000000000000000e+02
1.739000000000000000e+03 8.350000000000000000e+02
1.755000000000000000e+03 3.630000000000000000e+02
1.766000000000000000e+03 1.211000000000000000e+03
1.796000000000000000e+03 8.210000000000000000e+02
1.820000000000000000e+03 9.260000000000000000e+02
1.845000000000000000e+03 8.790000000000000000e+02
1.867000000000000000e+03 1.250000000000000000e+03
1.886000000000000000e+03 9.430000000000000000e+02
1.895000000000000000e+03 3.230000000000000000e+02
1.918000000000000000e+03 1.189000000000000000e+03
1.923000000000000000e+03 1.203000000000000000e+03
1.946000000000000000e+03 1.600000000000000000e+01
1.946000000000000000e+03 3.100000000000000000e+02
1.954000000000000000e+03 1.063000000000000000e+03
1.956000000000000000e+03 3.810000000000000000e+02
1.965000000000000000e+03 1.031000000000000000e+03
2.008000000000000000e+03 2.830000000000000000e+02
2.013000000000000000e+03 1.200000000000000000e+03
2.025000000000000000e+03 1.532000000000000000e+03
2.047000000000000000e+03 1.609000000000000000e+03
2.064000000000000000e+03 2.410000000000000000e+02
2.065000000000000000e+03 1.878000000000000000e+03
2.068000000000000000e+03 1.257000000000000000e+03
2.086000000000000000e+03 7.980000000000000000e+02
2.086000000000000000e+03 8.410000000000000000e+02
2.086000000000000000e+03 1.198000000000000000e+03
2.088000000000000000e+03 1.088000000000000000e+03
2.107000000000000000e+03 6.860000000000000000e+02
2.114000000000000000e+03 6.370000000000000000e+02
2.120000000000000000e+03 1.121000000000000000e+03
2.122000000000000000e+03 1.566000000000000000e+03
2.143000000000000000e+03 1.058000000000000000e+03
2.143000000000000000e+03 1.074000000000000000e+03
2.145000000000000000e+03 1.590000000000000000e+03
2.153000000000000000e+03 1.552000000000000000e+03
2.161000000000000000e+03 1.605000000000000000e+03
2.169000000000000000e+03 7.500000000000000000e+01
2.174000000000000000e+03 1.078000000000000000e+03
2.180000000000000000e+03 7.800000000000000000e+02
2.181000000000000000e+03 7.360000000000000000e+02
2.189000000000000000e+03 5.700000000000000000e+02
2.193000000000000000e+03 1.222000000000000000e+03
2.209000000000000000e+03 5.160000000000000000e+02
2.233000000000000000e+03 5.610000000000000000e+02
2.255000000000000000e+03 5.720000000000000000e+02
2.258000000000000000e+03 1.001000000000000000e+03
2.260000000000000000e+03 3.250000000000000000e+02
2.281000000000000000e+03 1.535000000000000000e+03
2.282000000000000000e+03 1.566000000000000000e+03
2.308000000000000000e+03 1.623000000000000000e+03
2.318000000000000000e+03 1.242000000000000000e+03
2.331000000000000000e+03 8.860000000000000000e+02
2.384000000000000000e+03 1.558000000000000000e+03
2.390000000000000000e+03 1.600000000000000000e+03
2.390000000000000000e+03 1.848000000000000000e+03
2.406000000000000000e+03 6.100000000000000000e+02
2.417000000000000000e+03 8.560000000000000000e+02
2.435000000000000000e+03 1.540000000000000000e+02
2.452000000000000000e+03 8.280000000000000000e+02
2.465000000000000000e+03 9.630000000000000000e+02
2.467000000000000000e+03 1.063000000000000000e+03
2.483000000000000000e+03 2.000000000000000000e+01
2.487000000000000000e+03 3.800000000000000000e+02
2.487000000000000000e+03 3.850000000000000000e+02
2.491000000000000000e+03 4.220000000000000000e+02
2.498000000000000000e+03 9.880000000000000000e+02
2.531000000000000000e+03 5.580000000000000000e+02
2.533000000000000000e+03 1.061000000000000000e+03
2.541000000000000000e+03 6.930000000000000000e+02
2.545000000000000000e+03 3.350000000000000000e+02
2.546000000000000000e+03 7.270000000000000000e+02
2.630000000000000000e+03 8.340000000000000000e+02
2.632000000000000000e+03 1.800000000000000000e+02
2.633000000000000000e+03 1.760000000000000000e+02
2.682000000000000000e+03 6.570000000000000000e+02
2.683000000000000000e+03 6.720000000000000000e+02
2.691000000000000000e+03 4.110000000000000000e+02
2.693000000000000000e+03 5.940000000000000000e+02
2.736000000000000000e+03 1.020000000000000000e+03
2.765000000000000000e+03 1.475000000000000000e+03
2.767000000000000000e+03 1.474000000000000000e+03
2.774000000000000000e+03 8.610000000000000000e+02
2.796000000000000000e+03 6.230000000000000000e+02
2.816000000000000000e+03 2.060000000000000000e+02
2.816000000000000000e+03 1.017000000000000000e+03
2.842000000000000000e+03 7.920000000000000000e+02
2.861000000000000000e+03 4.380000000000000000e+02
2.861000000000000000e+03 4.440000000000000000e+02
2.861000000000000000e+03 4.760000000000000000e+02
2.868000000000000000e+03 1.077000000000000000e+03
2.892000000000000000e+03 2.260000000000000000e+02
2.897000000000000000e+03 6.000000000000000000e+02
2.906000000000000000e+03 4.340000000000000000e+02
2.910000000000000000e+03 4.060000000000000000e+02
2.912000000000000000e+03 5.390000000000000000e+02
2.913000000000000000e+03 1.041000000000000000e+03
2.914000000000000000e+03 8.540000000000000000e+02
2.915000000000000000e+03 1.970000000000000000e+02
2.915000000000000000e+03 8.960000000000000000e+02
2.916000000000000000e+03 3.100000000000000000e+02
2.970000000000000000e+03 7.400000000000000000e+01
2.971000000000000000e+03 3.550000000000000000e+02
2.980000000000000000e+03 1.123000000000000000e+03
3.000000000000000000e+03 1.144000000000000000e+03
3.022000000000000000e+03 3.600000000000000000e+02
3.059000000000000000e+03 3.500000000000000000e+02
3.064000000000000000e+03 7.110000000000000000e+02
3.200000000000000000e+01 1.499000000000000000e+03
3.600000000000000000e+01 1.474000000000000000e+03
8.200000000000000000e+01 1.445000000000000000e+03
1.030000000000000000e+02 3.630000000000000000e+02
1.030000000000000000e+02 4.520000000000000000e+02
1.050000000000000000e+02 1.116000000000000000e+03
1.090000000000000000e+02 3.630000000000000000e+02
1.190000000000000000e+02 1.218000000000000000e+03
2.070000000000000000e+02 1.087000000000000000e+03
2.340000000000000000e+02 1.109000000000000000e+03
2.550000000000000000e+02 1.320000000000000000e+02
3.090000000000000000e+02 1.292000000000000000e+03
3.230000000000000000e+02 8.270000000000000000e+02
3.230000000000000000e+02 8.890000000000000000e+02
3.830000000000000000e+02 2.023000000000000000e+03
4.630000000000000000e+02 3.880000000000000000e+02
5.490000000000000000e+02 1.129000000000000000e+03
5.880000000000000000e+02 1.214000000000000000e+03
6.280000000000000000e+02 4.150000000000000000e+02
6.750000000000000000e+02 4.790000000000000000e+02
7.140000000000000000e+02 9.490000000000000000e+02
7.680000000000000000e+02 6.470000000000000000e+02
7.740000000000000000e+02 1.680000000000000000e+02
7.920000000000000000e+02 6.440000000000000000e+02
8.380000000000000000e+02 1.152000000000000000e+03
8.430000000000000000e+02 1.133000000000000000e+03
8.440000000000000000e+02 1.124000000000000000e+03
9.270000000000000000e+02 2.000000000000000000e+03
9.430000000000000000e+02 1.056000000000000000e+03
9.990000000000000000e+02 1.510000000000000000e+03
1.025000000000000000e+03 7.870000000000000000e+02
1.028000000000000000e+03 1.052000000000000000e+03
1.078000000000000000e+03 8.720000000000000000e+02
1.085000000000000000e+03 6.050000000000000000e+02
1.087000000000000000e+03 8.590000000000000000e+02
1.092000000000000000e+03 5.840000000000000000e+02
1.096000000000000000e+03 1.942000000000000000e+03
1.148000000000000000e+03 7.970000000000000000e+02
1.179000000000000000e+03 1.222000000000000000e+03
1.194000000000000000e+03 4.880000000000000000e+02
1.264000000000000000e+03 1.890000000000000000e+02
1.276000000000000000e+03 3.990000000000000000e+02
1.276000000000000000e+03 4.480000000000000000e+02
1.348000000000000000e+03 1.125000000000000000e+03
1.374000000000000000e+03 9.800000000000000000e+02
1.387000000000000000e+03 1.007000000000000000e+03
1.425000000000000000e+03 1.007000000000000000e+03
1.427000000000000000e+03 9.140000000000000000e+02
1.427000000000000000e+03 9.800000000000000000e+02
1.428000000000000000e+03 2.920000000000000000e+02
1.438000000000000000e+03 8.130000000000000000e+02
1.511000000000000000e+03 6.980000000000000000e+02
1.524000000000000000e+03 1.300000000000000000e+02
1.538000000000000000e+03 9.590000000000000000e+02
1.557000000000000000e+03 4.800000000000000000e+02
1.582000000000000000e+03 8.680000000000000000e+02
1.589000000000000000e+03 9.240000000000000000e+02
1.596000000000000000e+03 1.293000000000000000e+03
1.600000000000000000e+03 1.660000000000000000e+02
1.600000000000000000e+03 1.071000000000000000e+03
1.630000000000000000e+03 8.040000000000000000e+02
1.634000000000000000e+03 9.910000000000000000e+02
1.687000000000000000e+03 7.500000000000000000e+02
1.687000000000000000e+03 1.937000000000000000e+03
1.689000000000000000e+03 9.240000000000000000e+02
1.691000000000000000e+03 8.070000000000000000e+02
1.693000000000000000e+03 7.520000000000000000e+02
1.719000000000000000e+03 1.015000000000000000e+03
1.733000000000000000e+03 1.254000000000000000e+03
1.734000000000000000e+03 1.296000000000000000e+03
1.736000000000000000e+03 8.360000000000000000e+02
1.738000000000000000e+03 1.951000000000000000e+03
1.771000000000000000e+03 1.280000000000000000e+03
1.796000000000000000e+03 5.190000000000000000e+02
1.796000000000000000e+03 8.220000000000000000e+02
1.815000000000000000e+03 7.150000000000000000e+02
1.891000000000000000e+03 1.245000000000000000e+03
1.895000000000000000e+03 2.700000000000000000e+02
1.900000000000000000e+03 1.049000000000000000e+03
1.920000000000000000e+03 1.470000000000000000e+02
1.930000000000000000e+03 9.720000000000000000e+02
1.947000000000000000e+03 1.600000000000000000e+01
1.953000000000000000e+03 1.062000000000000000e+03
1.961000000000000000e+03 1.037000000000000000e+03
1.980000000000000000e+03 6.220000000000000000e+02
2.014000000000000000e+03 1.516000000000000000e+03
2.031000000000000000e+03 1.615000000000000000e+03
2.032000000000000000e+03 4.360000000000000000e+02
2.034000000000000000e+03 1.533000000000000000e+03
2.044000000000000000e+03 1.658000000000000000e+03
2.067000000000000000e+03 1.256000000000000000e+03
2.075000000000000000e+03 4.850000000000000000e+02
2.083000000000000000e+03 8.170000000000000000e+02
2.086000000000000000e+03 1.400000000000000000e+01
2.094000000000000000e+03 7.740000000000000000e+02
2.110000000000000000e+03 1.022000000000000000e+03
2.119000000000000000e+03 6.600000000000000000e+01
2.133000000000000000e+03 2.910000000000000000e+02
2.171000000000000000e+03 9.970000000000000000e+02
2.173000000000000000e+03 1.653000000000000000e+03
2.221000000000000000e+03 1.187000000000000000e+03
2.251000000000000000e+03 6.660000000000000000e+02
2.252000000000000000e+03 3.840000000000000000e+02
2.261000000000000000e+03 8.130000000000000000e+02
2.294000000000000000e+03 4.050000000000000000e+02
2.322000000000000000e+03 1.857000000000000000e+03
2.327000000000000000e+03 7.070000000000000000e+02
2.331000000000000000e+03 8.870000000000000000e+02
2.336000000000000000e+03 1.108000000000000000e+03
2.337000000000000000e+03 1.163000000000000000e+03
2.370000000000000000e+03 1.006000000000000000e+03
2.375000000000000000e+03 1.545000000000000000e+03
2.383000000000000000e+03 1.558000000000000000e+03
2.392000000000000000e+03 5.800000000000000000e+02
2.412000000000000000e+03 1.512000000000000000e+03
2.412000000000000000e+03 1.849000000000000000e+03
2.456000000000000000e+03 5.180000000000000000e+02
2.478000000000000000e+03 7.930000000000000000e+02
2.482000000000000000e+03 1.911000000000000000e+03
2.486000000000000000e+03 3.810000000000000000e+02
2.521000000000000000e+03 1.340000000000000000e+02
2.535000000000000000e+03 2.400000000000000000e+01
2.535000000000000000e+03 1.081000000000000000e+03
2.549000000000000000e+03 1.630000000000000000e+02
2.557000000000000000e+03 8.800000000000000000e+02
2.559000000000000000e+03 9.410000000000000000e+02
2.560000000000000000e+03 1.024000000000000000e+03
2.560000000000000000e+03 1.040000000000000000e+03
2.572000000000000000e+03 1.390000000000000000e+02
2.603000000000000000e+03 1.400000000000000000e+02
2.626000000000000000e+03 1.130000000000000000e+03
2.690000000000000000e+03 4.260000000000000000e+02
2.691000000000000000e+03 4.970000000000000000e+02
2.761000000000000000e+03 5.740000000000000000e+02
2.776000000000000000e+03 9.590000000000000000e+02
2.834000000000000000e+03 5.590000000000000000e+02
2.841000000000000000e+03 1.124000000000000000e+03
2.847000000000000000e+03 2.810000000000000000e+02
2.849000000000000000e+03 4.780000000000000000e+02
2.849000000000000000e+03 5.100000000000000000e+02
2.850000000000000000e+03 5.260000000000000000e+02
2.851000000000000000e+03 8.100000000000000000e+02
2.878000000000000000e+03 5.130000000000000000e+02
2.888000000000000000e+03 2.070000000000000000e+02
2.890000000000000000e+03 7.250000000000000000e+02
2.894000000000000000e+03 9.910000000000000000e+02
2.905000000000000000e+03 6.330000000000000000e+02
2.906000000000000000e+03 4.350000000000000000e+02
2.911000000000000000e+03 4.040000000000000000e+02
2.912000000000000000e+03 1.039000000000000000e+03
2.914000000000000000e+03 3.090000000000000000e+02
2.926000000000000000e+03 3.950000000000000000e+02
2.961000000000000000e+03 2.070000000000000000e+02
3.044000000000000000e+03 7.120000000000000000e+02
3.064000000000000000e+03 2.490000000000000000e+02
1.050000000000000000e+02 1.115000000000000000e+03
1.140000000000000000e+02 1.124000000000000000e+03
2.180000000000000000e+02 1.249000000000000000e+03
2.310000000000000000e+02 1.228000000000000000e+03
2.410000000000000000e+02 1.873000000000000000e+03
3.250000000000000000e+02 8.910000000000000000e+02
4.440000000000000000e+02 1.935000000000000000e+03
4.920000000000000000e+02 3.120000000000000000e+02
5.310000000000000000e+02 5.530000000000000000e+02
5.330000000000000000e+02 6.030000000000000000e+02
6.140000000000000000e+02 1.754000000000000000e+03
6.450000000000000000e+02 7.980000000000000000e+02
6.560000000000000000e+02 7.610000000000000000e+02
6.650000000000000000e+02 5.180000000000000000e+02
6.920000000000000000e+02 1.960000000000000000e+02
7.180000000000000000e+02 3.100000000000000000e+02
7.190000000000000000e+02 2.500000000000000000e+01
7.400000000000000000e+02 6.300000000000000000e+02
7.590000000000000000e+02 1.300000000000000000e+02
8.170000000000000000e+02 1.240000000000000000e+02
8.430000000000000000e+02 1.132000000000000000e+03
9.070000000000000000e+02 9.890000000000000000e+02
1.057000000000000000e+03 7.850000000000000000e+02
1.063000000000000000e+03 6.240000000000000000e+02
1.178000000000000000e+03 2.280000000000000000e+02
1.190000000000000000e+03 6.830000000000000000e+02
1.237000000000000000e+03 1.022000000000000000e+03
1.261000000000000000e+03 1.690000000000000000e+02
1.271000000000000000e+03 4.000000000000000000e+02
1.275000000000000000e+03 4.470000000000000000e+02
1.318000000000000000e+03 1.287000000000000000e+03
1.360000000000000000e+03 7.180000000000000000e+02
1.396000000000000000e+03 1.780000000000000000e+02
1.410000000000000000e+03 1.062000000000000000e+03
1.418000000000000000e+03 8.130000000000000000e+02
1.438000000000000000e+03 8.140000000000000000e+02
1.449000000000000000e+03 7.260000000000000000e+02
1.477000000000000000e+03 1.141000000000000000e+03
1.479000000000000000e+03 1.120000000000000000e+03
1.483000000000000000e+03 2.420000000000000000e+02
1.490000000000000000e+03 4.990000000000000000e+02
1.503000000000000000e+03 3.000000000000000000e+02
1.506000000000000000e+03 6.330000000000000000e+02
1.511000000000000000e+03 3.720000000000000000e+02
1.519000000000000000e+03 3.730000000000000000e+02
1.521000000000000000e+03 1.273000000000000000e+03
1.531000000000000000e+03 4.860000000000000000e+02
1.538000000000000000e+03 9.600000000000000000e+02
1.560000000000000000e+03 1.077000000000000000e+03
1.583000000000000000e+03 4.820000000000000000e+02
1.629000000000000000e+03 1.197000000000000000e+03
1.673000000000000000e+03 1.006000000000000000e+03
1.687000000000000000e+03 7.520000000000000000e+02
1.688000000000000000e+03 8.340000000000000000e+02
1.704000000000000000e+03 6.250000000000000000e+02
1.711000000000000000e+03 1.061000000000000000e+03
1.727000000000000000e+03 9.150000000000000000e+02
1.734000000000000000e+03 8.370000000000000000e+02
1.741000000000000000e+03 7.290000000000000000e+02
1.743000000000000000e+03 1.062000000000000000e+03
1.760000000000000000e+03 7.580000000000000000e+02
1.761000000000000000e+03 8.900000000000000000e+02
1.762000000000000000e+03 1.063000000000000000e+03
1.762000000000000000e+03 1.259000000000000000e+03
1.784000000000000000e+03 3.090000000000000000e+02
1.870000000000000000e+03 7.270000000000000000e+02
1.876000000000000000e+03 1.010000000000000000e+03
1.877000000000000000e+03 3.210000000000000000e+02
1.903000000000000000e+03 1.588000000000000000e+03
1.929000000000000000e+03 9.700000000000000000e+02
1.930000000000000000e+03 3.760000000000000000e+02
1.960000000000000000e+03 1.039000000000000000e+03
2.007000000000000000e+03 1.218000000000000000e+03
2.087000000000000000e+03 1.088000000000000000e+03
2.091000000000000000e+03 1.700000000000000000e+01
2.094000000000000000e+03 7.730000000000000000e+02
2.120000000000000000e+03 8.840000000000000000e+02
2.158000000000000000e+03 1.506000000000000000e+03
2.159000000000000000e+03 2.090000000000000000e+02
2.171000000000000000e+03 9.980000000000000000e+02
2.173000000000000000e+03 3.400000000000000000e+02
2.182000000000000000e+03 8.860000000000000000e+02
2.191000000000000000e+03 1.554000000000000000e+03
2.261000000000000000e+03 8.130000000000000000e+02
2.272000000000000000e+03 7.320000000000000000e+02
2.288000000000000000e+03 1.287000000000000000e+03
2.336000000000000000e+03 1.109000000000000000e+03
2.370000000000000000e+03 1.007000000000000000e+03
2.463000000000000000e+03 1.132000000000000000e+03
2.511000000000000000e+03 2.870000000000000000e+02
2.541000000000000000e+03 9.600000000000000000e+01
2.561000000000000000e+03 1.026000000000000000e+03
2.569000000000000000e+03 1.600000000000000000e+02
2.573000000000000000e+03 1.380000000000000000e+02
2.575000000000000000e+03 8.350000000000000000e+02
2.578000000000000000e+03 1.082000000000000000e+03
2.625000000000000000e+03 8.860000000000000000e+02
2.627000000000000000e+03 1.130000000000000000e+03
2.692000000000000000e+03 8.580000000000000000e+02
2.756000000000000000e+03 4.050000000000000000e+02
2.758000000000000000e+03 2.100000000000000000e+02
2.847000000000000000e+03 2.810000000000000000e+02
2.848000000000000000e+03 4.780000000000000000e+02
2.848000000000000000e+03 5.100000000000000000e+02
2.877000000000000000e+03 3.850000000000000000e+02
2.887000000000000000e+03 2.320000000000000000e+02
2.892000000000000000e+03 7.790000000000000000e+02
2.892000000000000000e+03 1.269000000000000000e+03
2.915000000000000000e+03 2.330000000000000000e+02
2.951000000000000000e+03 1.212000000000000000e+03
2.975000000000000000e+03 1.193000000000000000e+03
3.001000000000000000e+03 1.037000000000000000e+03
3.055000000000000000e+03 1.980000000000000000e+02
3.061000000000000000e+03 3.270000000000000000e+02
1.090000000000000000e+02 4.200000000000000000e+02
1.160000000000000000e+02 1.125000000000000000e+03
1.550000000000000000e+02 1.673000000000000000e+03
2.030000000000000000e+02 2.750000000000000000e+02
3.300000000000000000e+02 9.270000000000000000e+02
3.310000000000000000e+02 7.400000000000000000e+01
3.350000000000000000e+02 2.730000000000000000e+02
3.740000000000000000e+02 9.090000000000000000e+02
3.810000000000000000e+02 1.073000000000000000e+03
4.210000000000000000e+02 1.586000000000000000e+03
4.610000000000000000e+02 9.230000000000000000e+02
4.780000000000000000e+02 3.720000000000000000e+02
4.980000000000000000e+02 1.634000000000000000e+03
5.030000000000000000e+02 8.350000000000000000e+02
5.400000000000000000e+02 1.278000000000000000e+03
6.070000000000000000e+02 1.090000000000000000e+02
6.130000000000000000e+02 1.754000000000000000e+03
6.570000000000000000e+02 7.610000000000000000e+02
7.010000000000000000e+02 7.330000000000000000e+02
8.560000000000000000e+02 4.760000000000000000e+02
8.770000000000000000e+02 1.600000000000000000e+01
9.610000000000000000e+02 3.910000000000000000e+02
1.088000000000000000e+03 7.850000000000000000e+02
1.088000000000000000e+03 1.301000000000000000e+03
1.090000000000000000e+03 8.200000000000000000e+01
1.174000000000000000e+03 7.650000000000000000e+02
1.179000000000000000e+03 1.321000000000000000e+03
1.185000000000000000e+03 7.210000000000000000e+02
1.187000000000000000e+03 6.530000000000000000e+02
1.237000000000000000e+03 1.024000000000000000e+03
1.237000000000000000e+03 1.620000000000000000e+03
1.337000000000000000e+03 5.810000000000000000e+02
1.360000000000000000e+03 7.200000000000000000e+02
1.362000000000000000e+03 8.130000000000000000e+02
1.370000000000000000e+03 9.150000000000000000e+02
1.372000000000000000e+03 5.820000000000000000e+02
1.387000000000000000e+03 8.670000000000000000e+02
1.389000000000000000e+03 1.063000000000000000e+03
1.395000000000000000e+03 1.550000000000000000e+02
1.398000000000000000e+03 6.940000000000000000e+02
1.407000000000000000e+03 7.330000000000000000e+02
1.408000000000000000e+03 9.020000000000000000e+02
1.442000000000000000e+03 9.170000000000000000e+02
1.445000000000000000e+03 9.690000000000000000e+02
1.478000000000000000e+03 1.119000000000000000e+03
1.487000000000000000e+03 1.000000000000000000e+03
1.508000000000000000e+03 6.310000000000000000e+02
1.542000000000000000e+03 9.920000000000000000e+02
1.623000000000000000e+03 7.940000000000000000e+02
1.625000000000000000e+03 3.960000000000000000e+02
1.633000000000000000e+03 5.280000000000000000e+02
1.673000000000000000e+03 6.230000000000000000e+02
1.673000000000000000e+03 9.870000000000000000e+02
1.696000000000000000e+03 7.080000000000000000e+02
1.710000000000000000e+03 1.061000000000000000e+03
1.726000000000000000e+03 9.160000000000000000e+02
1.733000000000000000e+03 3.770000000000000000e+02
1.761000000000000000e+03 7.620000000000000000e+02
1.763000000000000000e+03 1.016000000000000000e+03
1.779000000000000000e+03 7.280000000000000000e+02
1.792000000000000000e+03 9.070000000000000000e+02
1.793000000000000000e+03 3.630000000000000000e+02
1.802000000000000000e+03 8.860000000000000000e+02
1.815000000000000000e+03 7.760000000000000000e+02
1.817000000000000000e+03 1.017000000000000000e+03
1.840000000000000000e+03 2.060000000000000000e+02
1.876000000000000000e+03 3.210000000000000000e+02
1.914000000000000000e+03 4.900000000000000000e+01
1.991000000000000000e+03 6.510000000000000000e+02
2.007000000000000000e+03 2.550000000000000000e+02
2.022000000000000000e+03 1.007000000000000000e+03
2.048000000000000000e+03 8.200000000000000000e+02
2.080000000000000000e+03 4.850000000000000000e+02
2.110000000000000000e+03 1.023000000000000000e+03
2.113000000000000000e+03 1.600000000000000000e+03
2.145000000000000000e+03 4.130000000000000000e+02
2.147000000000000000e+03 4.600000000000000000e+02
2.205000000000000000e+03 2.200000000000000000e+02
2.222000000000000000e+03 1.186000000000000000e+03
2.252000000000000000e+03 6.660000000000000000e+02
2.255000000000000000e+03 1.110000000000000000e+03
2.261000000000000000e+03 8.130000000000000000e+02
2.261000000000000000e+03 9.890000000000000000e+02
2.262000000000000000e+03 1.740000000000000000e+02
2.265000000000000000e+03 8.800000000000000000e+01
2.275000000000000000e+03 4.140000000000000000e+02
2.324000000000000000e+03 5.620000000000000000e+02
2.336000000000000000e+03 1.110000000000000000e+03
2.348000000000000000e+03 1.554000000000000000e+03
2.462000000000000000e+03 1.133000000000000000e+03
2.467000000000000000e+03 7.240000000000000000e+02
2.474000000000000000e+03 2.850000000000000000e+02
2.475000000000000000e+03 1.300000000000000000e+02
2.476000000000000000e+03 4.680000000000000000e+02
2.520000000000000000e+03 6.570000000000000000e+02
2.523000000000000000e+03 2.860000000000000000e+02
2.525000000000000000e+03 4.880000000000000000e+02
2.530000000000000000e+03 9.830000000000000000e+02
2.557000000000000000e+03 2.330000000000000000e+02
2.577000000000000000e+03 9.880000000000000000e+02
2.618000000000000000e+03 5.350000000000000000e+02
2.623000000000000000e+03 7.100000000000000000e+02
2.657000000000000000e+03 6.150000000000000000e+02
2.684000000000000000e+03 8.400000000000000000e+01
2.693000000000000000e+03 5.870000000000000000e+02
2.754000000000000000e+03 3.040000000000000000e+02
2.757000000000000000e+03 5.080000000000000000e+02
2.759000000000000000e+03 2.100000000000000000e+02
2.829000000000000000e+03 3.170000000000000000e+02
2.834000000000000000e+03 5.600000000000000000e+02
2.844000000000000000e+03 7.480000000000000000e+02
2.846000000000000000e+03 4.390000000000000000e+02
2.847000000000000000e+03 5.110000000000000000e+02
2.868000000000000000e+03 1.287000000000000000e+03
2.879000000000000000e+03 3.880000000000000000e+02
2.879000000000000000e+03 7.020000000000000000e+02
2.884000000000000000e+03 1.076000000000000000e+03
2.885000000000000000e+03 9.500000000000000000e+02
2.887000000000000000e+03 3.930000000000000000e+02
2.888000000000000000e+03 4.360000000000000000e+02
2.888000000000000000e+03 5.160000000000000000e+02
2.889000000000000000e+03 4.820000000000000000e+02
2.892000000000000000e+03 9.510000000000000000e+02
2.916000000000000000e+03 1.250000000000000000e+03
2.950000000000000000e+03 1.212000000000000000e+03
3.005000000000000000e+03 2.960000000000000000e+02
3.041000000000000000e+03 6.830000000000000000e+02
3.053000000000000000e+03 2.240000000000000000e+02
4.000000000000000000e+01 1.800000000000000000e+01
1.090000000000000000e+02 4.460000000000000000e+02
1.180000000000000000e+02 1.125000000000000000e+03
1.220000000000000000e+02 1.196000000000000000e+03
2.650000000000000000e+02 1.930000000000000000e+02
2.670000000000000000e+02 5.810000000000000000e+02
2.890000000000000000e+02 1.513000000000000000e+03
3.210000000000000000e+02 9.310000000000000000e+02
3.560000000000000000e+02 1.517000000000000000e+03
4.780000000000000000e+02 3.730000000000000000e+02
5.380000000000000000e+02 5.380000000000000000e+02
6.080000000000000000e+02 1.570000000000000000e+02
6.090000000000000000e+02 7.250000000000000000e+02
6.750000000000000000e+02 4.780000000000000000e+02
7.540000000000000000e+02 5.850000000000000000e+02
7.710000000000000000e+02 6.470000000000000000e+02
9.230000000000000000e+02 7.270000000000000000e+02
1.032000000000000000e+03 1.620000000000000000e+02
1.120000000000000000e+03 8.750000000000000000e+02
1.158000000000000000e+03 7.220000000000000000e+02
1.158000000000000000e+03 1.013000000000000000e+03
1.165000000000000000e+03 2.580000000000000000e+02
1.179000000000000000e+03 1.320000000000000000e+03
1.226000000000000000e+03 1.047000000000000000e+03
1.231000000000000000e+03 5.710000000000000000e+02
1.259000000000000000e+03 1.470000000000000000e+02
1.397000000000000000e+03 7.680000000000000000e+02
1.401000000000000000e+03 3.030000000000000000e+02
1.407000000000000000e+03 9.030000000000000000e+02
1.409000000000000000e+03 2.370000000000000000e+02
1.444000000000000000e+03 2.960000000000000000e+02
1.571000000000000000e+03 9.480000000000000000e+02
1.623000000000000000e+03 3.970000000000000000e+02
1.662000000000000000e+03 4.390000000000000000e+02
1.675000000000000000e+03 9.900000000000000000e+02
1.702000000000000000e+03 1.259000000000000000e+03
1.725000000000000000e+03 9.160000000000000000e+02
1.744000000000000000e+03 1.061000000000000000e+03
1.762000000000000000e+03 7.680000000000000000e+02
1.763000000000000000e+03 8.890000000000000000e+02
1.764000000000000000e+03 1.017000000000000000e+03
1.786000000000000000e+03 5.350000000000000000e+02
1.823000000000000000e+03 3.620000000000000000e+02
1.840000000000000000e+03 1.156000000000000000e+03
1.882000000000000000e+03 4.100000000000000000e+01
1.889000000000000000e+03 3.670000000000000000e+02
1.889000000000000000e+03 1.048000000000000000e+03
1.914000000000000000e+03 4.800000000000000000e+01
1.923000000000000000e+03 1.599000000000000000e+03
2.006000000000000000e+03 2.530000000000000000e+02
2.035000000000000000e+03 1.236000000000000000e+03
2.088000000000000000e+03 1.193000000000000000e+03
2.105000000000000000e+03 8.230000000000000000e+02
2.110000000000000000e+03 1.024000000000000000e+03
2.146000000000000000e+03 4.600000000000000000e+02
2.170000000000000000e+03 3.030000000000000000e+02
2.174000000000000000e+03 3.570000000000000000e+02
2.179000000000000000e+03 2.120000000000000000e+02
2.203000000000000000e+03 6.400000000000000000e+01
2.213000000000000000e+03 1.259000000000000000e+03
2.258000000000000000e+03 4.920000000000000000e+02
2.290000000000000000e+03 1.288000000000000000e+03
2.339000000000000000e+03 1.253000000000000000e+03
2.347000000000000000e+03 1.554000000000000000e+03
2.475000000000000000e+03 4.670000000000000000e+02
2.518000000000000000e+03 1.660000000000000000e+02
2.519000000000000000e+03 2.400000000000000000e+02
2.521000000000000000e+03 9.830000000000000000e+02
2.522000000000000000e+03 4.810000000000000000e+02
2.522000000000000000e+03 1.033000000000000000e+03
2.523000000000000000e+03 4.330000000000000000e+02
2.530000000000000000e+03 9.370000000000000000e+02
2.544000000000000000e+03 1.217000000000000000e+03
2.565000000000000000e+03 3.530000000000000000e+02
2.611000000000000000e+03 1.360000000000000000e+02
2.654000000000000000e+03 6.610000000000000000e+02
2.686000000000000000e+03 6.200000000000000000e+02
2.756000000000000000e+03 5.060000000000000000e+02
2.824000000000000000e+03 7.180000000000000000e+02
2.908000000000000000e+03 1.203000000000000000e+03
2.946000000000000000e+03 2.770000000000000000e+02
2.968000000000000000e+03 2.030000000000000000e+02
3.006000000000000000e+03 2.690000000000000000e+02
3.006000000000000000e+03 3.280000000000000000e+02
1.160000000000000000e+02 1.998000000000000000e+03
1.210000000000000000e+02 1.125000000000000000e+03
1.230000000000000000e+02 1.193000000000000000e+03
1.310000000000000000e+02 1.095000000000000000e+03
1.450000000000000000e+02 2.200000000000000000e+02
2.630000000000000000e+02 5.360000000000000000e+02
4.930000000000000000e+02 2.900000000000000000e+02
5.240000000000000000e+02 7.320000000000000000e+02
6.080000000000000000e+02 7.250000000000000000e+02
6.560000000000000000e+02 2.920000000000000000e+02
8.270000000000000000e+02 8.000000000000000000e+01
8.290000000000000000e+02 1.173000000000000000e+03
1.074000000000000000e+03 1.828000000000000000e+03
1.342000000000000000e+03 1.175000000000000000e+03
1.400000000000000000e+03 9.610000000000000000e+02
1.405000000000000000e+03 9.030000000000000000e+02
1.510000000000000000e+03 6.260000000000000000e+02
1.529000000000000000e+03 6.290000000000000000e+02
1.635000000000000000e+03 9.890000000000000000e+02
1.718000000000000000e+03 9.660000000000000000e+02
1.763000000000000000e+03 7.710000000000000000e+02
1.839000000000000000e+03 1.155000000000000000e+03
1.887000000000000000e+03 1.048000000000000000e+03
1.889000000000000000e+03 8.280000000000000000e+02
1.897000000000000000e+03 1.002000000000000000e+03
1.909000000000000000e+03 2.680000000000000000e+02
2.030000000000000000e+03 1.577000000000000000e+03
2.043000000000000000e+03 6.180000000000000000e+02
2.070000000000000000e+03 1.062000000000000000e+03
2.112000000000000000e+03 7.060000000000000000e+02
2.168000000000000000e+03 3.010000000000000000e+02
2.455000000000000000e+03 5.180000000000000000e+02
2.458000000000000000e+03 1.210000000000000000e+02
2.467000000000000000e+03 7.210000000000000000e+02
2.512000000000000000e+03 6.700000000000000000e+02
2.531000000000000000e+03 5.990000000000000000e+02
2.621000000000000000e+03 8.850000000000000000e+02
2.622000000000000000e+03 1.046000000000000000e+03
2.828000000000000000e+03 4.300000000000000000e+01
2.835000000000000000e+03 1.950000000000000000e+02
2.914000000000000000e+03 7.910000000000000000e+02
2.917000000000000000e+03 1.252000000000000000e+03
2.949000000000000000e+03 8.200000000000000000e+02
3.004000000000000000e+03 3.620000000000000000e+02
3.005000000000000000e+03 3.280000000000000000e+02
7.600000000000000000e+01 2.160000000000000000e+02
1.310000000000000000e+02 1.093000000000000000e+03
2.430000000000000000e+02 1.288000000000000000e+03
2.630000000000000000e+02 6.190000000000000000e+02
4.620000000000000000e+02 1.007000000000000000e+03
5.380000000000000000e+02 5.380000000000000000e+02
5.550000000000000000e+02 1.226000000000000000e+03
6.570000000000000000e+02 2.950000000000000000e+02
6.890000000000000000e+02 4.800000000000000000e+01
8.330000000000000000e+02 1.756000000000000000e+03
8.670000000000000000e+02 1.308000000000000000e+03
9.180000000000000000e+02 8.050000000000000000e+02
9.470000000000000000e+02 4.630000000000000000e+02
9.660000000000000000e+02 9.710000000000000000e+02
1.107000000000000000e+03 6.610000000000000000e+02
1.127000000000000000e+03 1.821000000000000000e+03
1.207000000000000000e+03 1.045000000000000000e+03
1.209000000000000000e+03 2.110000000000000000e+02
1.294000000000000000e+03 1.147000000000000000e+03
1.402000000000000000e+03 9.600000000000000000e+02
1.474000000000000000e+03 1.172000000000000000e+03
1.476000000000000000e+03 1.090000000000000000e+03
1.564000000000000000e+03 8.890000000000000000e+02
1.676000000000000000e+03 7.310000000000000000e+02
1.732000000000000000e+03 8.400000000000000000e+01
1.822000000000000000e+03 2.430000000000000000e+02
1.885000000000000000e+03 1.048000000000000000e+03
1.927000000000000000e+03 1.350000000000000000e+02
1.986000000000000000e+03 1.400000000000000000e+02
2.031000000000000000e+03 1.576000000000000000e+03
2.167000000000000000e+03 3.000000000000000000e+02
2.197000000000000000e+03 9.710000000000000000e+02
2.261000000000000000e+03 8.150000000000000000e+02
2.269000000000000000e+03 1.026000000000000000e+03
2.464000000000000000e+03 1.135000000000000000e+03
2.473000000000000000e+03 4.250000000000000000e+02
2.566000000000000000e+03 3.930000000000000000e+02
2.567000000000000000e+03 4.360000000000000000e+02
2.577000000000000000e+03 7.030000000000000000e+02
2.834000000000000000e+03 1.950000000000000000e+02
2.915000000000000000e+03 9.870000000000000000e+02
3.200000000000000000e+01 9.800000000000000000e+01
4.500000000000000000e+01 1.950000000000000000e+02
1.090000000000000000e+02 7.550000000000000000e+02
1.130000000000000000e+02 3.550000000000000000e+02
1.250000000000000000e+02 1.124000000000000000e+03
1.280000000000000000e+02 1.218000000000000000e+03
1.550000000000000000e+02 1.172000000000000000e+03
1.560000000000000000e+02 8.600000000000000000e+01
1.730000000000000000e+02 6.460000000000000000e+02
1.760000000000000000e+02 1.170000000000000000e+03
2.010000000000000000e+02 3.420000000000000000e+02
2.020000000000000000e+02 2.410000000000000000e+02
2.080000000000000000e+02 1.123000000000000000e+03
2.090000000000000000e+02 1.218000000000000000e+03
2.630000000000000000e+02 5.140000000000000000e+02
2.630000000000000000e+02 6.150000000000000000e+02
2.660000000000000000e+02 2.370000000000000000e+02
2.760000000000000000e+02 5.860000000000000000e+02
3.920000000000000000e+02 1.110000000000000000e+03
4.490000000000000000e+02 7.990000000000000000e+02
5.260000000000000000e+02 7.520000000000000000e+02
5.380000000000000000e+02 5.380000000000000000e+02
5.380000000000000000e+02 6.280000000000000000e+02
5.920000000000000000e+02 4.050000000000000000e+02
6.160000000000000000e+02 2.004000000000000000e+03
6.640000000000000000e+02 1.870000000000000000e+02
7.140000000000000000e+02 2.760000000000000000e+02
7.440000000000000000e+02 6.290000000000000000e+02
7.600000000000000000e+02 1.280000000000000000e+02
7.600000000000000000e+02 1.870000000000000000e+02
8.250000000000000000e+02 8.000000000000000000e+01
8.280000000000000000e+02 1.387000000000000000e+03
8.290000000000000000e+02 1.174000000000000000e+03
8.330000000000000000e+02 1.754000000000000000e+03
8.490000000000000000e+02 1.248000000000000000e+03
8.570000000000000000e+02 1.310000000000000000e+03
8.670000000000000000e+02 4.400000000000000000e+01
8.750000000000000000e+02 8.760000000000000000e+02
9.180000000000000000e+02 8.040000000000000000e+02
9.700000000000000000e+02 9.730000000000000000e+02
1.012000000000000000e+03 9.880000000000000000e+02
1.022000000000000000e+03 1.048000000000000000e+03
1.054000000000000000e+03 9.980000000000000000e+02
1.073000000000000000e+03 1.827000000000000000e+03
1.084000000000000000e+03 9.700000000000000000e+02
1.104000000000000000e+03 7.760000000000000000e+02
1.126000000000000000e+03 1.821000000000000000e+03
1.127000000000000000e+03 1.295000000000000000e+03
1.158000000000000000e+03 1.670000000000000000e+02
1.165000000000000000e+03 4.060000000000000000e+02
1.183000000000000000e+03 3.820000000000000000e+02
1.209000000000000000e+03 2.130000000000000000e+02
1.341000000000000000e+03 1.173000000000000000e+03
1.353000000000000000e+03 1.281000000000000000e+03
1.474000000000000000e+03 1.088000000000000000e+03
1.474000000000000000e+03 1.171000000000000000e+03
1.482000000000000000e+03 9.670000000000000000e+02
1.504000000000000000e+03 7.420000000000000000e+02
1.582000000000000000e+03 7.120000000000000000e+02
1.592000000000000000e+03 3.900000000000000000e+02
1.610000000000000000e+03 3.530000000000000000e+02
1.619000000000000000e+03 7.910000000000000000e+02
1.639000000000000000e+03 1.196000000000000000e+03
1.656000000000000000e+03 9.350000000000000000e+02
1.657000000000000000e+03 5.030000000000000000e+02
1.677000000000000000e+03 7.320000000000000000e+02
1.680000000000000000e+03 2.300000000000000000e+01
1.680000000000000000e+03 9.940000000000000000e+02
1.697000000000000000e+03 1.207000000000000000e+03
1.769000000000000000e+03 1.204000000000000000e+03
1.771000000000000000e+03 1.011000000000000000e+03
1.789000000000000000e+03 2.190000000000000000e+02
1.827000000000000000e+03 7.370000000000000000e+02
1.828000000000000000e+03 8.180000000000000000e+02
1.952000000000000000e+03 3.860000000000000000e+02
2.024000000000000000e+03 1.600000000000000000e+01
2.032000000000000000e+03 1.237000000000000000e+03
2.043000000000000000e+03 6.180000000000000000e+02
2.063000000000000000e+03 7.710000000000000000e+02
2.067000000000000000e+03 1.250000000000000000e+03
2.139000000000000000e+03 4.070000000000000000e+02
2.152000000000000000e+03 1.181000000000000000e+03
2.156000000000000000e+03 6.370000000000000000e+02
2.250000000000000000e+03 1.852000000000000000e+03
2.259000000000000000e+03 9.880000000000000000e+02
2.260000000000000000e+03 8.800000000000000000e+01
2.317000000000000000e+03 1.850000000000000000e+03
2.318000000000000000e+03 1.329000000000000000e+03
2.386000000000000000e+03 1.846000000000000000e+03
2.430000000000000000e+03 1.333000000000000000e+03
2.436000000000000000e+03 1.653000000000000000e+03
2.438000000000000000e+03 1.382000000000000000e+03
2.457000000000000000e+03 5.170000000000000000e+02
2.464000000000000000e+03 1.134000000000000000e+03
2.467000000000000000e+03 7.150000000000000000e+02
2.468000000000000000e+03 1.890000000000000000e+02
2.472000000000000000e+03 3.810000000000000000e+02
2.476000000000000000e+03 4.240000000000000000e+02
2.494000000000000000e+03 7.020000000000000000e+02
2.518000000000000000e+03 4.180000000000000000e+02
2.522000000000000000e+03 9.850000000000000000e+02
2.522000000000000000e+03 1.034000000000000000e+03
2.522000000000000000e+03 1.072000000000000000e+03
2.524000000000000000e+03 8.360000000000000000e+02
2.527000000000000000e+03 8.670000000000000000e+02
2.527000000000000000e+03 9.450000000000000000e+02
2.540000000000000000e+03 6.730000000000000000e+02
2.548000000000000000e+03 1.217000000000000000e+03
2.564000000000000000e+03 3.930000000000000000e+02
2.566000000000000000e+03 2.850000000000000000e+02
2.575000000000000000e+03 8.720000000000000000e+02
2.575000000000000000e+03 9.400000000000000000e+02
2.578000000000000000e+03 7.050000000000000000e+02
2.583000000000000000e+03 9.040000000000000000e+02
2.588000000000000000e+03 2.110000000000000000e+02
2.602000000000000000e+03 8.040000000000000000e+02
2.616000000000000000e+03 5.340000000000000000e+02
2.621000000000000000e+03 7.280000000000000000e+02
2.625000000000000000e+03 1.131000000000000000e+03
2.651000000000000000e+03 6.660000000000000000e+02
2.830000000000000000e+03 4.400000000000000000e+01
2.832000000000000000e+03 1.960000000000000000e+02
2.837000000000000000e+03 5.590000000000000000e+02
2.842000000000000000e+03 1.124000000000000000e+03
2.845000000000000000e+03 2.750000000000000000e+02
2.845000000000000000e+03 7.410000000000000000e+02
2.849000000000000000e+03 3.910000000000000000e+02
2.853000000000000000e+03 4.390000000000000000e+02
2.861000000000000000e+03 1.066000000000000000e+03
2.871000000000000000e+03 1.520000000000000000e+02
2.874000000000000000e+03 1.285000000000000000e+03
2.883000000000000000e+03 4.550000000000000000e+02
2.883000000000000000e+03 9.860000000000000000e+02
2.885000000000000000e+03 4.220000000000000000e+02
2.885000000000000000e+03 4.930000000000000000e+02
2.887000000000000000e+03 1.067000000000000000e+03
2.889000000000000000e+03 1.031000000000000000e+03
2.895000000000000000e+03 8.530000000000000000e+02
2.924000000000000000e+03 5.520000000000000000e+02
2.925000000000000000e+03 1.027000000000000000e+03
2.942000000000000000e+03 2.840000000000000000e+02
2.948000000000000000e+03 8.220000000000000000e+02
2.962000000000000000e+03 7.100000000000000000e+01
2.981000000000000000e+03 1.198000000000000000e+03
2.982000000000000000e+03 5.840000000000000000e+02
2.983000000000000000e+03 7.570000000000000000e+02
3.006000000000000000e+03 5.340000000000000000e+02
3.009000000000000000e+03 2.810000000000000000e+02
3.023000000000000000e+03 7.800000000000000000e+02
3.028000000000000000e+03 8.430000000000000000e+02
3.029000000000000000e+03 8.900000000000000000e+02
3.031000000000000000e+03 9.440000000000000000e+02
3.031000000000000000e+03 9.850000000000000000e+02
3.042000000000000000e+03 1.050000000000000000e+02
