1.393000000000000000e+03 1.374000000000000000e+03
2.880000000000000000e+02 3.010000000000000000e+02
9.030000000000000000e+02 9.050000000000000000e+02
3.170000000000000000e+02 3.300000000000000000e+02
1.148000000000000000e+03 1.124000000000000000e+03
1.329000000000000000e+03 1.303000000000000000e+03
1.195000000000000000e+03 1.164000000000000000e+03
6.460000000000000000e+02 6.370000000000000000e+02
2.990000000000000000e+02 3.050000000000000000e+02
6.560000000000000000e+02 6.570000000000000000e+02
1.140000000000000000e+03 1.117000000000000000e+03
2.460000000000000000e+02 2.490000000000000000e+02
4.880000000000000000e+02 4.100000000000000000e+02
1.007000000000000000e+03 8.750000000000000000e+02
1.086000000000000000e+03 1.069000000000000000e+03
3.400000000000000000e+01 9.000000000000000000e+00
1.102000000000000000e+03 1.076000000000000000e+03
1.025000000000000000e+03 1.014000000000000000e+03
1.540000000000000000e+02 1.490000000000000000e+02
1.160000000000000000e+02 1.090000000000000000e+02
1.353000000000000000e+03 1.334000000000000000e+03
7.680000000000000000e+02 7.730000000000000000e+02
7.480000000000000000e+02 6.310000000000000000e+02
1.026000000000000000e+03 8.940000000000000000e+02
1.008000000000000000e+03 9.980000000000000000e+02
6.180000000000000000e+02 6.110000000000000000e+02
9.500000000000000000e+02 9.690000000000000000e+02
9.920000000000000000e+02 9.900000000000000000e+02
8.270000000000000000e+02 7.120000000000000000e+02
5.960000000000000000e+02 1.160000000000000000e+02
1.135000000000000000e+03 1.111000000000000000e+03
5.080000000000000000e+02 6.260000000000000000e+02
1.200000000000000000e+03 1.166000000000000000e+03
4.220000000000000000e+02 4.240000000000000000e+02
5.340000000000000000e+02 4.280000000000000000e+02
5.770000000000000000e+02 6.890000000000000000e+02
1.016000000000000000e+03 1.004000000000000000e+03
7.290000000000000000e+02 7.430000000000000000e+02
1.423000000000000000e+03 1.403000000000000000e+03
6.220000000000000000e+02 6.150000000000000000e+02
2.820000000000000000e+02 2.890000000000000000e+02
1.401000000000000000e+03 1.385000000000000000e+03
5.970000000000000000e+02 1.180000000000000000e+02
1.425000000000000000e+03 1.404000000000000000e+03
7.610000000000000000e+02 7.660000000000000000e+02
5.320000000000000000e+02 4.260000000000000000e+02
5.040000000000000000e+02 5.060000000000000000e+02
9.020000000000000000e+02 7.750000000000000000e+02
8.870000000000000000e+02 7.580000000000000000e+02
4.830000000000000000e+02 5.990000000000000000e+02
2.080000000000000000e+02 6.180000000000000000e+02
4.260000000000000000e+02 4.340000000000000000e+02
4.760000000000000000e+02 4.800000000000000000e+02
7.300000000000000000e+01 5.690000000000000000e+02
7.190000000000000000e+02 7.370000000000000000e+02
6.470000000000000000e+02 6.390000000000000000e+02
6.340000000000000000e+02 2.230000000000000000e+02
1.312000000000000000e+03 1.282000000000000000e+03
1.343000000000000000e+03 1.381000000000000000e+03
5.110000000000000000e+02 4.150000000000000000e+02
6.440000000000000000e+02 6.360000000000000000e+02
1.141000000000000000e+03 1.119000000000000000e+03
1.196000000000000000e+03 1.165000000000000000e+03
2.380000000000000000e+02 2.360000000000000000e+02
5.070000000000000000e+02 5.070000000000000000e+02
1.222000000000000000e+03 1.188000000000000000e+03
5.450000000000000000e+02 3.400000000000000000e+02
9.790000000000000000e+02 8.590000000000000000e+02
5.780000000000000000e+02 6.880000000000000000e+02
1.460000000000000000e+02 1.380000000000000000e+02
1.880000000000000000e+02 1.860000000000000000e+02
3.000000000000000000e+01 1.000000000000000000e+00
2.320000000000000000e+02 8.790000000000000000e+02
1.100000000000000000e+03 9.770000000000000000e+02
1.190000000000000000e+02 1.780000000000000000e+02
1.019000000000000000e+03 8.870000000000000000e+02
1.290000000000000000e+03 1.259000000000000000e+03
8.760000000000000000e+02 8.770000000000000000e+02
1.550000000000000000e+02 1.460000000000000000e+02
1.106000000000000000e+03 1.175000000000000000e+03
8.610000000000000000e+02 8.620000000000000000e+02
3.380000000000000000e+02 6.650000000000000000e+02
1.388000000000000000e+03 1.368000000000000000e+03
8.050000000000000000e+02 9.410000000000000000e+02
8.950000000000000000e+02 7.640000000000000000e+02
1.410000000000000000e+03 1.390000000000000000e+03
2.340000000000000000e+02 2.320000000000000000e+02
1.344000000000000000e+03 1.322000000000000000e+03
1.339000000000000000e+03 1.318000000000000000e+03
4.190000000000000000e+02 4.190000000000000000e+02
1.440000000000000000e+02 1.420000000000000000e+02
2.860000000000000000e+02 6.560000000000000000e+02
6.490000000000000000e+02 6.440000000000000000e+02
6.950000000000000000e+02 4.710000000000000000e+02
1.411000000000000000e+03 1.391000000000000000e+03
1.202000000000000000e+03 1.243000000000000000e+03
1.115000000000000000e+03 9.940000000000000000e+02
9.520000000000000000e+02 9.800000000000000000e+02
1.282000000000000000e+03 1.254000000000000000e+03
2.170000000000000000e+02 2.130000000000000000e+02
7.400000000000000000e+02 7.460000000000000000e+02
1.127000000000000000e+03 1.100000000000000000e+03
2.740000000000000000e+02 4.230000000000000000e+02
2.810000000000000000e+02 2.870000000000000000e+02
4.540000000000000000e+02 1.020000000000000000e+02
1.417000000000000000e+03 1.398000000000000000e+03
1.094000000000000000e+03 1.162000000000000000e+03
4.780000000000000000e+02 1.450000000000000000e+02
1.293000000000000000e+03 1.261000000000000000e+03
5.820000000000000000e+02 7.220000000000000000e+02
1.409000000000000000e+03 1.388000000000000000e+03
7.520000000000000000e+02 2.380000000000000000e+02
