2.720000000000000000e+02 3.060000000000000000e+02
4.150000000000000000e+02 4.910000000000000000e+02
1.211000000000000000e+03 1.448000000000000000e+03
1.215000000000000000e+03 1.450000000000000000e+03
2.250000000000000000e+02 2.470000000000000000e+02
1.132000000000000000e+03 1.326000000000000000e+03
1.239000000000000000e+03 1.482000000000000000e+03
2.700000000000000000e+01 2.800000000000000000e+01
2.660000000000000000e+02 4.060000000000000000e+02
4.250000000000000000e+02 5.020000000000000000e+02
6.750000000000000000e+02 7.800000000000000000e+02
2.670000000000000000e+02 4.050000000000000000e+02
1.166000000000000000e+03 1.367000000000000000e+03
5.440000000000000000e+02 2.980000000000000000e+02
9.260000000000000000e+02 1.115000000000000000e+03
1.210000000000000000e+03 1.447000000000000000e+03
4.860000000000000000e+02 5.670000000000000000e+02
3.050000000000000000e+02 2.100000000000000000e+01
1.002000000000000000e+03 1.196000000000000000e+03
4.140000000000000000e+02 4.900000000000000000e+02
1.038000000000000000e+03 1.240000000000000000e+03
3.560000000000000000e+02 4.270000000000000000e+02
1.126000000000000000e+03 1.315000000000000000e+03
2.220000000000000000e+02 2.420000000000000000e+02
1.229000000000000000e+03 1.476000000000000000e+03
6.520000000000000000e+02 7.560000000000000000e+02
5.750000000000000000e+02 7.850000000000000000e+02
8.970000000000000000e+02 1.075000000000000000e+03
5.590000000000000000e+02 6.460000000000000000e+02
2.350000000000000000e+02 2.600000000000000000e+02
1.560000000000000000e+02 1.620000000000000000e+02
2.630000000000000000e+02 2.930000000000000000e+02
1.197000000000000000e+03 1.417000000000000000e+03
3.520000000000000000e+02 5.180000000000000000e+02
1.015000000000000000e+03 1.213000000000000000e+03
2.490000000000000000e+02 2.770000000000000000e+02
1.142000000000000000e+03 1.338000000000000000e+03
2.620000000000000000e+02 2.920000000000000000e+02
2.760000000000000000e+02 3.120000000000000000e+02
1.217000000000000000e+03 1.453000000000000000e+03
1.187000000000000000e+03 1.407000000000000000e+03
1.028000000000000000e+03 1.132000000000000000e+03
4.930000000000000000e+02 5.690000000000000000e+02
6.440000000000000000e+02 7.400000000000000000e+02
9.450000000000000000e+02 1.137000000000000000e+03
4.210000000000000000e+02 4.950000000000000000e+02
6.540000000000000000e+02 7.570000000000000000e+02
5.540000000000000000e+02 7.600000000000000000e+02
1.800000000000000000e+02 1.940000000000000000e+02
9.920000000000000000e+02 1.186000000000000000e+03
6.000000000000000000e+02 6.890000000000000000e+02
9.490000000000000000e+02 1.141000000000000000e+03
9.900000000000000000e+01 1.100000000000000000e+02
1.025000000000000000e+03 1.226000000000000000e+03
1.085000000000000000e+03 1.352000000000000000e+03
7.200000000000000000e+02 1.018000000000000000e+03
9.000000000000000000e+02 1.189000000000000000e+03
7.480000000000000000e+02 7.270000000000000000e+02
4.080000000000000000e+02 2.250000000000000000e+02
3.740000000000000000e+02 8.600000000000000000e+01
1.073000000000000000e+03 1.271000000000000000e+03
5.780000000000000000e+02 6.620000000000000000e+02
5.600000000000000000e+02 7.630000000000000000e+02
1.176000000000000000e+03 1.333000000000000000e+03
3.770000000000000000e+02 4.530000000000000000e+02
7.000000000000000000e+01 5.450000000000000000e+02
2.710000000000000000e+02 3.050000000000000000e+02
8.650000000000000000e+02 1.032000000000000000e+03
1.253000000000000000e+03 1.501000000000000000e+03
8.750000000000000000e+02 1.044000000000000000e+03
8.850000000000000000e+02 1.055000000000000000e+03
5.810000000000000000e+02 6.680000000000000000e+02
1.910000000000000000e+02 2.130000000000000000e+02
6.320000000000000000e+02 6.130000000000000000e+02
6.680000000000000000e+02 9.420000000000000000e+02
9.680000000000000000e+02 1.166000000000000000e+03
1.259000000000000000e+03 1.424000000000000000e+03
4.540000000000000000e+02 5.420000000000000000e+02
6.590000000000000000e+02 9.350000000000000000e+02
5.820000000000000000e+02 7.910000000000000000e+02
3.100000000000000000e+02 1.093000000000000000e+03
9.700000000000000000e+02 1.267000000000000000e+03
6.980000000000000000e+02 8.270000000000000000e+02
3.620000000000000000e+02 5.380000000000000000e+02
8.260000000000000000e+02 8.300000000000000000e+02
1.450000000000000000e+02 1.470000000000000000e+02
7.220000000000000000e+02 7.060000000000000000e+02
7.490000000000000000e+02 8.820000000000000000e+02
5.150000000000000000e+02 4.860000000000000000e+02
8.730000000000000000e+02 8.730000000000000000e+02
9.610000000000000000e+02 1.154000000000000000e+03
4.170000000000000000e+02 4.010000000000000000e+02
1.138000000000000000e+03 1.334000000000000000e+03
1.740000000000000000e+02 3.830000000000000000e+02
4.560000000000000000e+02 6.560000000000000000e+02
9.020000000000000000e+02 1.084000000000000000e+03
1.950000000000000000e+02 2.090000000000000000e+02
9.520000000000000000e+02 1.143000000000000000e+03
8.070000000000000000e+02 1.002000000000000000e+03
3.870000000000000000e+02 1.280000000000000000e+02
1.040000000000000000e+02 1.150000000000000000e+02
5.230000000000000000e+02 6.100000000000000000e+02
6.620000000000000000e+02 9.370000000000000000e+02
4.370000000000000000e+02 5.230000000000000000e+02
9.070000000000000000e+02 1.088000000000000000e+03
1.174000000000000000e+03 1.375000000000000000e+03
9.660000000000000000e+02 1.164000000000000000e+03
1.168000000000000000e+03 1.368000000000000000e+03
1.048000000000000000e+03 1.246000000000000000e+03
1.065000000000000000e+03 1.169000000000000000e+03
7.860000000000000000e+02 9.490000000000000000e+02
8.420000000000000000e+02 1.010000000000000000e+03
2.200000000000000000e+02 2.400000000000000000e+02
1.161000000000000000e+03 1.364000000000000000e+03
9.950000000000000000e+02 1.279000000000000000e+03
3.820000000000000000e+02 4.580000000000000000e+02
1.700000000000000000e+01 2.000000000000000000e+01
7.210000000000000000e+02 8.480000000000000000e+02
4.390000000000000000e+02 5.240000000000000000e+02
8.010000000000000000e+02 9.740000000000000000e+02
5.580000000000000000e+02 7.620000000000000000e+02
1.120000000000000000e+02 4.620000000000000000e+02
8.210000000000000000e+02 1.130000000000000000e+03
1.720000000000000000e+02 7.010000000000000000e+02
3.720000000000000000e+02 4.460000000000000000e+02
8.310000000000000000e+02 9.730000000000000000e+02
1.000000000000000000e+01 6.390000000000000000e+02
1.930000000000000000e+02 2.160000000000000000e+02
1.056000000000000000e+03 1.253000000000000000e+03
1.199000000000000000e+03 1.420000000000000000e+03
6.700000000000000000e+02 9.430000000000000000e+02
5.860000000000000000e+02 8.040000000000000000e+02
1.136000000000000000e+03 1.268000000000000000e+03
1.177000000000000000e+03 1.380000000000000000e+03
2.530000000000000000e+02 6.230000000000000000e+02
5.310000000000000000e+02 6.110000000000000000e+02
3.200000000000000000e+02 3.760000000000000000e+02
7.470000000000000000e+02 7.260000000000000000e+02
9.930000000000000000e+02 1.187000000000000000e+03
