7.600000000000000000e+02 6.670000000000000000e+02
1.449000000000000000e+03 1.313000000000000000e+03
2.100000000000000000e+01 1.400000000000000000e+01
1.300000000000000000e+01 9.000000000000000000e+00
4.270000000000000000e+02 3.760000000000000000e+02
1.450000000000000000e+03 1.314000000000000000e+03
2.600000000000000000e+02 2.210000000000000000e+02
1.205000000000000000e+03 1.052000000000000000e+03
9.000000000000000000e+00 5.000000000000000000e+00
6.620000000000000000e+02 7.020000000000000000e+02
2.000000000000000000e+01 1.300000000000000000e+01
6.230000000000000000e+02 2.470000000000000000e+02
1.229000000000000000e+03 1.065000000000000000e+03
6.560000000000000000e+02 5.700000000000000000e+01
4.430000000000000000e+02 4.710000000000000000e+02
8.760000000000000000e+02 7.830000000000000000e+02
1.338000000000000000e+03 1.142000000000000000e+03
1.196000000000000000e+03 1.039000000000000000e+03
1.521000000000000000e+03 1.392000000000000000e+03
7.800000000000000000e+01 6.700000000000000000e+01
2.800000000000000000e+01 1.800000000000000000e+01
1.279000000000000000e+03 1.230000000000000000e+03
7.680000000000000000e+02 6.810000000000000000e+02
6.810000000000000000e+02 7.230000000000000000e+02
8.570000000000000000e+02 6.380000000000000000e+02
4.350000000000000000e+02 3.860000000000000000e+02
1.280000000000000000e+02 1.200000000000000000e+02
1.333000000000000000e+03 1.217000000000000000e+03
4.910000000000000000e+02 2.170000000000000000e+02
5.000000000000000000e+01 4.000000000000000000e+01
1.039000000000000000e+03 7.730000000000000000e+02
8.770000000000000000e+02 7.810000000000000000e+02
1.331000000000000000e+03 1.214000000000000000e+03
7.100000000000000000e+01 6.200000000000000000e+01
8.500000000000000000e+01 3.940000000000000000e+02
9.580000000000000000e+02 8.320000000000000000e+02
1.417000000000000000e+03 1.290000000000000000e+03
9.730000000000000000e+02 8.510000000000000000e+02
4.060000000000000000e+02 2.560000000000000000e+02
7.790000000000000000e+02 6.900000000000000000e+02
5.390000000000000000e+02 5.850000000000000000e+02
1.187000000000000000e+03 1.031000000000000000e+03
1.512000000000000000e+03 1.360000000000000000e+03
1.172000000000000000e+03 9.170000000000000000e+02
1.291000000000000000e+03 1.235000000000000000e+03
1.267000000000000000e+03 1.128000000000000000e+03
1.375000000000000000e+03 1.258000000000000000e+03
1.396000000000000000e+03 4.560000000000000000e+02
1.051000000000000000e+03 7.880000000000000000e+02
1.188000000000000000e+03 1.151000000000000000e+03
9.510000000000000000e+02 9.480000000000000000e+02
1.810000000000000000e+02 1.560000000000000000e+02
1.328000000000000000e+03 1.210000000000000000e+03
4.340000000000000000e+02 3.850000000000000000e+02
1.446000000000000000e+03 1.307000000000000000e+03
8.400000000000000000e+01 5.970000000000000000e+02
1.318000000000000000e+03 8.910000000000000000e+02
2.900000000000000000e+01 2.200000000000000000e+01
2.200000000000000000e+02 1.870000000000000000e+02
1.237000000000000000e+03 1.102000000000000000e+03
1.190000000000000000e+03 1.032000000000000000e+03
7.410000000000000000e+02 6.560000000000000000e+02
7.570000000000000000e+02 9.330000000000000000e+02
2.250000000000000000e+02 3.460000000000000000e+02
8.630000000000000000e+02 6.420000000000000000e+02
7.310000000000000000e+02 5.410000000000000000e+02
4.830000000000000000e+02 4.160000000000000000e+02
6.500000000000000000e+01 4.670000000000000000e+02
6.470000000000000000e+02 6.770000000000000000e+02
1.059000000000000000e+03 9.250000000000000000e+02
7.710000000000000000e+02 8.160000000000000000e+02
7.740000000000000000e+02 6.860000000000000000e+02
7.130000000000000000e+02 7.630000000000000000e+02
1.382000000000000000e+03 1.221000000000000000e+03
8.890000000000000000e+02 7.930000000000000000e+02
2.390000000000000000e+02 7.670000000000000000e+02
1.075000000000000000e+03 1.071000000000000000e+03
8.680000000000000000e+02 6.460000000000000000e+02
1.900000000000000000e+01 1.200000000000000000e+01
6.580000000000000000e+02 5.910000000000000000e+02
5.950000000000000000e+02 4.200000000000000000e+02
8.690000000000000000e+02 7.750000000000000000e+02
3.180000000000000000e+02 2.680000000000000000e+02
1.297000000000000000e+03 1.172000000000000000e+03
6.390000000000000000e+02 5.650000000000000000e+02
1.312000000000000000e+03 1.193000000000000000e+03
6.400000000000000000e+01 5.000000000000000000e+01
6.420000000000000000e+02 6.730000000000000000e+02
1.268000000000000000e+03 1.130000000000000000e+03
3.690000000000000000e+02 3.270000000000000000e+02
1.377000000000000000e+03 1.215000000000000000e+03
1.447000000000000000e+03 1.310000000000000000e+03
6.460000000000000000e+02 4.580000000000000000e+02
7.750000000000000000e+02 8.210000000000000000e+02
1.028000000000000000e+03 7.660000000000000000e+02
6.110000000000000000e+02 5.330000000000000000e+02
1.189000000000000000e+03 1.152000000000000000e+03
8.430000000000000000e+02 9.700000000000000000e+01
1.334000000000000000e+03 1.216000000000000000e+03
8.730000000000000000e+02 7.780000000000000000e+02
6.600000000000000000e+02 6.960000000000000000e+02
