1.132000000000000000e+03 1.148000000000000000e+03
1.458000000000000000e+03 1.440000000000000000e+03
4.290000000000000000e+02 4.260000000000000000e+02
2.900000000000000000e+02 2.800000000000000000e+02
6.390000000000000000e+02 6.560000000000000000e+02
6.380000000000000000e+02 5.350000000000000000e+02
2.920000000000000000e+02 2.820000000000000000e+02
5.280000000000000000e+02 5.340000000000000000e+02
5.300000000000000000e+02 2.880000000000000000e+02
2.890000000000000000e+02 2.790000000000000000e+02
1.408000000000000000e+03 1.393000000000000000e+03
9.570000000000000000e+02 9.700000000000000000e+02
1.490000000000000000e+02 1.490000000000000000e+02
7.680000000000000000e+02 6.620000000000000000e+02
1.129000000000000000e+03 1.145000000000000000e+03
8.280000000000000000e+02 8.420000000000000000e+02
5.040000000000000000e+02 4.990000000000000000e+02
4.130000000000000000e+02 1.920000000000000000e+02
1.122000000000000000e+03 1.140000000000000000e+03
1.470000000000000000e+02 1.470000000000000000e+02
7.100000000000000000e+01 9.290000000000000000e+02
4.840000000000000000e+02 4.810000000000000000e+02
1.113000000000000000e+03 1.129000000000000000e+03
2.930000000000000000e+02 2.810000000000000000e+02
9.940000000000000000e+02 9.880000000000000000e+02
1.398000000000000000e+03 1.385000000000000000e+03
1.032000000000000000e+03 8.960000000000000000e+02
1.342000000000000000e+03 1.356000000000000000e+03
6.280000000000000000e+02 6.410000000000000000e+02
7.600000000000000000e+02 7.680000000000000000e+02
5.780000000000000000e+02 5.820000000000000000e+02
5.890000000000000000e+02 6.050000000000000000e+02
1.134000000000000000e+03 1.149000000000000000e+03
7.330000000000000000e+02 7.370000000000000000e+02
1.095000000000000000e+03 1.107000000000000000e+03
7.310000000000000000e+02 7.380000000000000000e+02
1.299000000000000000e+03 1.315000000000000000e+03
7.280000000000000000e+02 7.350000000000000000e+02
8.200000000000000000e+02 9.790000000000000000e+02
2.420000000000000000e+02 2.260000000000000000e+02
8.650000000000000000e+02 8.870000000000000000e+02
9.690000000000000000e+02 1.097000000000000000e+03
4.180000000000000000e+02 4.970000000000000000e+02
1.170000000000000000e+02 1.200000000000000000e+02
9.980000000000000000e+02 1.000000000000000000e+03
2.850000000000000000e+02 2.730000000000000000e+02
1.182000000000000000e+03 1.197000000000000000e+03
6.430000000000000000e+02 6.600000000000000000e+02
8.020000000000000000e+02 8.200000000000000000e+02
1.425000000000000000e+03 1.403000000000000000e+03
1.432000000000000000e+03 1.411000000000000000e+03
8.640000000000000000e+02 8.880000000000000000e+02
1.197000000000000000e+03 1.222000000000000000e+03
2.110000000000000000e+02 6.180000000000000000e+02
1.360000000000000000e+02 1.310000000000000000e+02
1.330000000000000000e+03 1.408000000000000000e+03
7.610000000000000000e+02 7.700000000000000000e+02
3.000000000000000000e+02 2.850000000000000000e+02
8.220000000000000000e+02 1.198000000000000000e+03
5.050000000000000000e+02 5.030000000000000000e+02
7.420000000000000000e+02 2.340000000000000000e+02
9.700000000000000000e+02 9.690000000000000000e+02
6.940000000000000000e+02 8.320000000000000000e+02
3.100000000000000000e+02 2.990000000000000000e+02
1.400000000000000000e+02 1.370000000000000000e+02
6.130000000000000000e+02 6.250000000000000000e+02
6.500000000000000000e+01 3.910000000000000000e+02
2.580000000000000000e+02 2.380000000000000000e+02
1.378000000000000000e+03 1.368000000000000000e+03
1.465000000000000000e+03 1.449000000000000000e+03
6.440000000000000000e+02 5.430000000000000000e+02
7.200000000000000000e+02 6.240000000000000000e+02
6.460000000000000000e+02 3.380000000000000000e+02
4.990000000000000000e+02 4.950000000000000000e+02
6.010000000000000000e+02 6.170000000000000000e+02
3.250000000000000000e+02 3.170000000000000000e+02
4.140000000000000000e+02 4.080000000000000000e+02
1.440000000000000000e+02 1.390000000000000000e+02
8.740000000000000000e+02 7.620000000000000000e+02
8.530000000000000000e+02 8.700000000000000000e+02
8.840000000000000000e+02 9.030000000000000000e+02
7.290000000000000000e+02 7.360000000000000000e+02
8.390000000000000000e+02 8.500000000000000000e+02
1.920000000000000000e+02 1.770000000000000000e+02
1.050000000000000000e+03 1.048000000000000000e+03
1.980000000000000000e+02 8.440000000000000000e+02
6.140000000000000000e+02 6.260000000000000000e+02
7.550000000000000000e+02 7.640000000000000000e+02
1.450000000000000000e+02 1.440000000000000000e+02
1.452000000000000000e+03 1.425000000000000000e+03
4.880000000000000000e+02 4.830000000000000000e+02
8.830000000000000000e+02 9.020000000000000000e+02
2.640000000000000000e+02 5.190000000000000000e+02
1.077000000000000000e+03 1.186000000000000000e+03
4.530000000000000000e+02 7.300000000000000000e+01
3.650000000000000000e+02 3.610000000000000000e+02
1.028000000000000000e+03 1.025000000000000000e+03
7.090000000000000000e+02 1.940000000000000000e+02
2.260000000000000000e+02 7.280000000000000000e+02
1.600000000000000000e+01 3.840000000000000000e+02
8.590000000000000000e+02 8.760000000000000000e+02
7.340000000000000000e+02 8.750000000000000000e+02
1.324000000000000000e+03 1.337000000000000000e+03
7.440000000000000000e+02 7.530000000000000000e+02
9.750000000000000000e+02 9.730000000000000000e+02
6.370000000000000000e+02 5.320000000000000000e+02
6.320000000000000000e+02 6.480000000000000000e+02
1.211000000000000000e+03 1.246000000000000000e+03
1.400000000000000000e+03 1.388000000000000000e+03
1.216000000000000000e+03 1.352000000000000000e+03
1.202000000000000000e+03 1.227000000000000000e+03
1.024000000000000000e+03 1.241000000000000000e+03
8.580000000000000000e+02 1.008000000000000000e+03
1.009000000000000000e+03 8.840000000000000000e+02
3.050000000000000000e+02 5.370000000000000000e+02
1.208000000000000000e+03 1.233000000000000000e+03
7.430000000000000000e+02 7.510000000000000000e+02
7.180000000000000000e+02 1.219000000000000000e+03
