5.190000000000000000e+02 2.640000000000000000e+02
1.492000000000000000e+03 1.458000000000000000e+03
5.900000000000000000e+01 4.480000000000000000e+02
1.171000000000000000e+03 1.134000000000000000e+03
2.810000000000000000e+02 2.820000000000000000e+02
1.170000000000000000e+02 1.550000000000000000e+02
1.124000000000000000e+03 1.078000000000000000e+03
1.101000000000000000e+03 1.054000000000000000e+03
1.487000000000000000e+03 1.452000000000000000e+03
6.490000000000000000e+02 6.420000000000000000e+02
2.990000000000000000e+02 3.250000000000000000e+02
1.271000000000000000e+03 1.226000000000000000e+03
1.038000000000000000e+03 1.105000000000000000e+03
6.530000000000000000e+02 6.430000000000000000e+02
6.270000000000000000e+02 7.450000000000000000e+02
7.600000000000000000e+02 7.330000000000000000e+02
5.750000000000000000e+02 9.700000000000000000e+02
9.300000000000000000e+02 8.740000000000000000e+02
1.000000000000000000e+02 1.190000000000000000e+02
5.670000000000000000e+02 5.770000000000000000e+02
1.239000000000000000e+03 1.204000000000000000e+03
1.296000000000000000e+03 1.185000000000000000e+03
6.560000000000000000e+02 6.440000000000000000e+02
7.310000000000000000e+02 7.070000000000000000e+02
8.700000000000000000e+02 8.290000000000000000e+02
7.100000000000000000e+01 4.590000000000000000e+02
6.480000000000000000e+02 5.310000000000000000e+02
2.830000000000000000e+02 2.860000000000000000e+02
1.140000000000000000e+02 1.500000000000000000e+02
2.310000000000000000e+02 6.140000000000000000e+02
1.028000000000000000e+03 1.096000000000000000e+03
5.770000000000000000e+02 5.910000000000000000e+02
1.241000000000000000e+03 1.207000000000000000e+03
1.223000000000000000e+03 1.197000000000000000e+03
1.230000000000000000e+02 1.710000000000000000e+02
9.030000000000000000e+02 8.600000000000000000e+02
7.210000000000000000e+02 6.960000000000000000e+02
5.860000000000000000e+02 6.020000000000000000e+02
2.470000000000000000e+02 6.230000000000000000e+02
1.471000000000000000e+03 1.432000000000000000e+03
7.280000000000000000e+02 8.270000000000000000e+02
7.580000000000000000e+02 7.310000000000000000e+02
4.850000000000000000e+02 4.840000000000000000e+02
7.690000000000000000e+02 7.440000000000000000e+02
8.250000000000000000e+02 9.200000000000000000e+02
1.311000000000000000e+03 1.304000000000000000e+03
1.150000000000000000e+02 1.440000000000000000e+02
1.100000000000000000e+02 1.450000000000000000e+02
1.437000000000000000e+03 1.378000000000000000e+03
8.660000000000000000e+02 8.280000000000000000e+02
9.140000000000000000e+02 1.016000000000000000e+03
2.890000000000000000e+02 5.280000000000000000e+02
7.020000000000000000e+02 8.080000000000000000e+02
1.090000000000000000e+02 1.430000000000000000e+02
1.346000000000000000e+03 1.258000000000000000e+03
9.110000000000000000e+02 7.480000000000000000e+02
9.600000000000000000e+01 1.160000000000000000e+02
1.030000000000000000e+02 1.360000000000000000e+02
1.065000000000000000e+03 1.019000000000000000e+03
6.400000000000000000e+02 6.360000000000000000e+02
5.800000000000000000e+02 4.880000000000000000e+02
8.810000000000000000e+02 8.430000000000000000e+02
1.060000000000000000e+02 1.400000000000000000e+02
1.072000000000000000e+03 8.690000000000000000e+02
5.220000000000000000e+02 5.210000000000000000e+02
2.320000000000000000e+02 5.020000000000000000e+02
8.400000000000000000e+02 3.970000000000000000e+02
1.379000000000000000e+03 1.330000000000000000e+03
8.750000000000000000e+02 9.830000000000000000e+02
2.920000000000000000e+02 3.000000000000000000e+02
7.790000000000000000e+02 7.530000000000000000e+02
2.950000000000000000e+02 3.040000000000000000e+02
1.128000000000000000e+03 1.187000000000000000e+03
5.060000000000000000e+02 5.010000000000000000e+02
1.222000000000000000e+03 1.107000000000000000e+03
1.389000000000000000e+03 1.342000000000000000e+03
1.149000000000000000e+03 1.198000000000000000e+03
1.316000000000000000e+03 1.273000000000000000e+03
1.208000000000000000e+03 1.182000000000000000e+03
1.452000000000000000e+03 1.324000000000000000e+03
1.168000000000000000e+03 1.216000000000000000e+03
1.387000000000000000e+03 1.341000000000000000e+03
5.900000000000000000e+02 6.030000000000000000e+02
1.027000000000000000e+03 9.840000000000000000e+02
1.059000000000000000e+03 1.013000000000000000e+03
7.450000000000000000e+02 6.090000000000000000e+02
2.430000000000000000e+02 7.340000000000000000e+02
2.100000000000000000e+02 2.150000000000000000e+02
5.880000000000000000e+02 7.030000000000000000e+02
7.880000000000000000e+02 7.610000000000000000e+02
1.740000000000000000e+02 2.020000000000000000e+02
1.130000000000000000e+02 1.490000000000000000e+02
1.374000000000000000e+03 1.325000000000000000e+03
2.660000000000000000e+02 2.650000000000000000e+02
1.730000000000000000e+02 1.980000000000000000e+02
1.382000000000000000e+03 1.335000000000000000e+03
1.000000000000000000e+03 9.550000000000000000e+02
1.451000000000000000e+03 1.401000000000000000e+03
1.158000000000000000e+03 1.117000000000000000e+03
1.051000000000000000e+03 2.330000000000000000e+02
1.453000000000000000e+03 7.000000000000000000e+02
6.010000000000000000e+02 6.080000000000000000e+02
2.270000000000000000e+02 2.210000000000000000e+02
4.140000000000000000e+02 4.140000000000000000e+02
1.190000000000000000e+02 1.480000000000000000e+02
9.070000000000000000e+02 1.009000000000000000e+03
2.410000000000000000e+02 2.340000000000000000e+02
1.335000000000000000e+03 1.184000000000000000e+03
1.207000000000000000e+03 1.178000000000000000e+03
2.160000000000000000e+02 2.170000000000000000e+02
4.640000000000000000e+02 5.720000000000000000e+02
1.047000000000000000e+03 1.002000000000000000e+03
9.800000000000000000e+01 1.170000000000000000e+02
1.210000000000000000e+02 8.220000000000000000e+02
1.289000000000000000e+03 1.244000000000000000e+03
1.385000000000000000e+03 1.337000000000000000e+03
8.540000000000000000e+02 9.620000000000000000e+02
8.930000000000000000e+02 8.560000000000000000e+02
2.560000000000000000e+02 6.250000000000000000e+02
8.970000000000000000e+02 8.550000000000000000e+02
5.970000000000000000e+02 2.110000000000000000e+02
7.660000000000000000e+02 7.410000000000000000e+02
8.990000000000000000e+02 1.004000000000000000e+03
