3.000000000000000000e+00 2.086000000000000000e+03
1.868000000000000000e+03 2.229000000000000000e+03
5.300000000000000000e+01 1.471000000000000000e+03
1.732000000000000000e+03 2.100000000000000000e+03
4.000000000000000000e+00 5.000000000000000000e+00
9.730000000000000000e+02 2.200000000000000000e+01
1.607000000000000000e+03 2.112000000000000000e+03
2.206000000000000000e+03 2.578000000000000000e+03
1.663000000000000000e+03 1.150000000000000000e+02
1.071000000000000000e+03 2.136000000000000000e+03
