8.900000000000000000e+01 1.090000000000000000e+02
6.650000000000000000e+02 7.910000000000000000e+02
5.170000000000000000e+02 5.880000000000000000e+02
6.600000000000000000e+02 7.860000000000000000e+02
1.272000000000000000e+03 1.492000000000000000e+03
7.400000000000000000e+01 3.990000000000000000e+02
8.240000000000000000e+02 1.105000000000000000e+03
6.610000000000000000e+02 2.930000000000000000e+02
1.096000000000000000e+03 1.298000000000000000e+03
2.290000000000000000e+02 2.920000000000000000e+02
1.045000000000000000e+03 1.223000000000000000e+03
1.200000000000000000e+03 1.399000000000000000e+03
9.400000000000000000e+01 1.170000000000000000e+02
4.210000000000000000e+02 4.830000000000000000e+02
1.108000000000000000e+03 1.316000000000000000e+03
4.240000000000000000e+02 5.800000000000000000e+02
9.970000000000000000e+02 1.171000000000000000e+03
9.990000000000000000e+02 6.580000000000000000e+02
9.360000000000000000e+02 1.101000000000000000e+03
7.380000000000000000e+02 1.016000000000000000e+03
7.650000000000000000e+02 9.070000000000000000e+02
5.550000000000000000e+02 6.350000000000000000e+02
6.210000000000000000e+02 7.260000000000000000e+02
6.230000000000000000e+02 8.730000000000000000e+02
2.000000000000000000e+02 2.570000000000000000e+02
1.043000000000000000e+03 1.302000000000000000e+03
6.390000000000000000e+02 7.520000000000000000e+02
4.260000000000000000e+02 4.880000000000000000e+02
6.590000000000000000e+02 7.840000000000000000e+02
1.340000000000000000e+02 1.570000000000000000e+02
6.440000000000000000e+02 7.580000000000000000e+02
2.230000000000000000e+02 2.890000000000000000e+02
1.235000000000000000e+03 1.445000000000000000e+03
7.570000000000000000e+02 1.041000000000000000e+03
4.540000000000000000e+02 5.180000000000000000e+02
1.055000000000000000e+03 1.311000000000000000e+03
4.870000000000000000e+02 5.580000000000000000e+02
1.143000000000000000e+03 1.379000000000000000e+03
1.245000000000000000e+03 1.459000000000000000e+03
1.269000000000000000e+03 1.487000000000000000e+03
1.029000000000000000e+03 1.128000000000000000e+03
4.580000000000000000e+02 2.760000000000000000e+02
7.920000000000000000e+02 7.900000000000000000e+02
1.075000000000000000e+03 1.278000000000000000e+03
1.630000000000000000e+02 2.000000000000000000e+02
1.181000000000000000e+03 1.389000000000000000e+03
1.103000000000000000e+03 1.307000000000000000e+03
1.240000000000000000e+03 1.454000000000000000e+03
1.146000000000000000e+03 1.350000000000000000e+03
1.930000000000000000e+02 2.420000000000000000e+02
8.870000000000000000e+02 1.060000000000000000e+03
1.255000000000000000e+03 1.471000000000000000e+03
3.210000000000000000e+02 3.740000000000000000e+02
1.037000000000000000e+03 1.296000000000000000e+03
6.000000000000000000e+02 7.020000000000000000e+02
7.050000000000000000e+02 3.200000000000000000e+01
9.350000000000000000e+02 1.099000000000000000e+03
1.870000000000000000e+02 2.410000000000000000e+02
8.600000000000000000e+01 1.060000000000000000e+02
3.310000000000000000e+02 1.366000000000000000e+03
7.420000000000000000e+02 8.780000000000000000e+02
5.100000000000000000e+02 7.240000000000000000e+02
2.310000000000000000e+02 2.940000000000000000e+02
6.150000000000000000e+02 1.140000000000000000e+02
7.720000000000000000e+02 9.130000000000000000e+02
1.268000000000000000e+03 1.486000000000000000e+03
1.060000000000000000e+03 1.250000000000000000e+03
8.440000000000000000e+02 1.004000000000000000e+03
8.330000000000000000e+02 8.360000000000000000e+02
4.480000000000000000e+02 4.260000000000000000e+02
7.700000000000000000e+01 9.000000000000000000e+01
2.020000000000000000e+02 2.620000000000000000e+02
1.580000000000000000e+02 1.870000000000000000e+02
1.000000000000000000e+02 1.220000000000000000e+02
7.060000000000000000e+02 8.210000000000000000e+02
1.195000000000000000e+03 1.279000000000000000e+03
6.370000000000000000e+02 1.048000000000000000e+03
9.630000000000000000e+02 1.135000000000000000e+03
5.510000000000000000e+02 2.640000000000000000e+02
6.600000000000000000e+01 8.400000000000000000e+01
7.280000000000000000e+02 1.000000000000000000e+02
4.560000000000000000e+02 5.190000000000000000e+02
9.950000000000000000e+02 1.073000000000000000e+03
7.680000000000000000e+02 9.110000000000000000e+02
9.820000000000000000e+02 1.237000000000000000e+03
4.090000000000000000e+02 4.640000000000000000e+02
9.000000000000000000e+01 1.100000000000000000e+02
6.850000000000000000e+02 3.560000000000000000e+02
6.420000000000000000e+02 7.500000000000000000e+02
7.810000000000000000e+02 9.210000000000000000e+02
7.710000000000000000e+02 1.063000000000000000e+03
2.460000000000000000e+02 6.490000000000000000e+02
1.203000000000000000e+03 1.428000000000000000e+03
6.060000000000000000e+02 6.980000000000000000e+02
3.490000000000000000e+02 4.900000000000000000e+02
9.720000000000000000e+02 8.860000000000000000e+02
9.900000000000000000e+01 4.070000000000000000e+02
1.034000000000000000e+03 1.208000000000000000e+03
5.370000000000000000e+02 6.010000000000000000e+02
8.360000000000000000e+02 1.117000000000000000e+03
9.080000000000000000e+02 2.880000000000000000e+02
