1.098000000000000000e+03 9.490000000000000000e+02
4.800000000000000000e+01 4.440000000000000000e+02
1.412000000000000000e+03 1.280000000000000000e+03
3.900000000000000000e+01 3.570000000000000000e+02
8.970000000000000000e+02 7.490000000000000000e+02
2.230000000000000000e+02 5.110000000000000000e+02
1.365000000000000000e+03 1.229000000000000000e+03
1.520000000000000000e+02 4.840000000000000000e+02
2.980000000000000000e+02 2.710000000000000000e+02
1.106000000000000000e+03 9.630000000000000000e+02
2.820000000000000000e+02 2.590000000000000000e+02
1.460000000000000000e+02 3.190000000000000000e+02
1.033000000000000000e+03 8.960000000000000000e+02
1.058000000000000000e+03 9.170000000000000000e+02
9.560000000000000000e+02 8.140000000000000000e+02
1.057000000000000000e+03 9.160000000000000000e+02
4.280000000000000000e+02 2.660000000000000000e+02
1.374000000000000000e+03 1.239000000000000000e+03
8.920000000000000000e+02 7.460000000000000000e+02
9.490000000000000000e+02 7.950000000000000000e+02
8.660000000000000000e+02 7.170000000000000000e+02
8.820000000000000000e+02 7.360000000000000000e+02
1.090000000000000000e+02 8.200000000000000000e+01
1.055000000000000000e+03 1.016000000000000000e+03
2.870000000000000000e+02 2.650000000000000000e+02
8.200000000000000000e+02 6.830000000000000000e+02
6.340000000000000000e+02 5.190000000000000000e+02
1.004000000000000000e+03 8.650000000000000000e+02
6.370000000000000000e+02 2.350000000000000000e+02
4.340000000000000000e+02 3.420000000000000000e+02
7.400000000000000000e+02 7.220000000000000000e+02
4.260000000000000000e+02 3.390000000000000000e+02
1.230000000000000000e+03 1.097000000000000000e+03
6.390000000000000000e+02 5.310000000000000000e+02
8.850000000000000000e+02 7.410000000000000000e+02
9.750000000000000000e+02 9.310000000000000000e+02
1.293000000000000000e+03 1.133000000000000000e+03
6.900000000000000000e+02 6.820000000000000000e+02
1.080000000000000000e+02 8.100000000000000000e+01
1.251000000000000000e+03 1.119000000000000000e+03
2.200000000000000000e+02 3.280000000000000000e+02
7.160000000000000000e+02 5.890000000000000000e+02
3.030000000000000000e+02 2.740000000000000000e+02
1.070000000000000000e+03 9.280000000000000000e+02
1.311000000000000000e+03 1.183000000000000000e+03
1.260000000000000000e+03 1.137000000000000000e+03
7.450000000000000000e+02 5.120000000000000000e+02
1.342000000000000000e+03 1.210000000000000000e+03
6.780000000000000000e+02 6.520000000000000000e+02
6.540000000000000000e+02 5.440000000000000000e+02
9.500000000000000000e+01 4.650000000000000000e+02
1.254000000000000000e+03 1.126000000000000000e+03
9.350000000000000000e+02 7.840000000000000000e+02
1.940000000000000000e+02 1.690000000000000000e+02
7.110000000000000000e+02 4.720000000000000000e+02
2.090000000000000000e+02 1.860000000000000000e+02
5.720000000000000000e+02 4.630000000000000000e+02
7.190000000000000000e+02 5.940000000000000000e+02
1.220000000000000000e+03 1.083000000000000000e+03
7.360000000000000000e+02 7.080000000000000000e+02
9.300000000000000000e+02 9.030000000000000000e+02
2.270000000000000000e+02 4.080000000000000000e+02
1.343000000000000000e+03 1.211000000000000000e+03
9.420000000000000000e+02 1.185000000000000000e+03
1.000000000000000000e+03 7.300000000000000000e+02
4.660000000000000000e+02 3.740000000000000000e+02
1.255000000000000000e+03 1.056000000000000000e+03
1.100000000000000000e+03 9.520000000000000000e+02
1.335000000000000000e+03 1.177000000000000000e+03
7.560000000000000000e+02 5.240000000000000000e+02
8.930000000000000000e+02 8.790000000000000000e+02
6.290000000000000000e+02 2.050000000000000000e+02
1.234000000000000000e+03 1.100000000000000000e+03
1.017000000000000000e+03 8.830000000000000000e+02
6.560000000000000000e+02 6.440000000000000000e+02
1.014000000000000000e+03 8.760000000000000000e+02
7.480000000000000000e+02 6.230000000000000000e+02
8.990000000000000000e+02 6.380000000000000000e+02
1.314000000000000000e+03 1.189000000000000000e+03
4.080000000000000000e+02 3.940000000000000000e+02
5.580000000000000000e+02 5.570000000000000000e+02
6.900000000000000000e+01 5.700000000000000000e+01
4.790000000000000000e+02 1.193000000000000000e+03
2.050000000000000000e+02 1.800000000000000000e+02
7.960000000000000000e+02 6.540000000000000000e+02
3.200000000000000000e+01 1.200000000000000000e+01
2.530000000000000000e+02 4.140000000000000000e+02
6.440000000000000000e+02 2.410000000000000000e+02
6.530000000000000000e+02 5.400000000000000000e+02
9.270000000000000000e+02 8.980000000000000000e+02
4.400000000000000000e+01 2.700000000000000000e+01
4.800000000000000000e+02 3.820000000000000000e+02
1.650000000000000000e+02 1.450000000000000000e+02
1.197000000000000000e+03 1.060000000000000000e+03
1.072000000000000000e+03 9.300000000000000000e+02
1.322000000000000000e+03 1.197000000000000000e+03
1.109000000000000000e+03 9.640000000000000000e+02
7.460000000000000000e+02 6.190000000000000000e+02
2.570000000000000000e+02 6.320000000000000000e+02
1.188000000000000000e+03 9.480000000000000000e+02
8.400000000000000000e+02 6.960000000000000000e+02
2.220000000000000000e+02 1.950000000000000000e+02
6.240000000000000000e+02 5.150000000000000000e+02
2.800000000000000000e+01 5.540000000000000000e+02
1.047000000000000000e+03 1.006000000000000000e+03
4.420000000000000000e+02 4.370000000000000000e+02
5.560000000000000000e+02 5.550000000000000000e+02
1.164000000000000000e+03 1.113000000000000000e+03
8.060000000000000000e+02 7.780000000000000000e+02
9.770000000000000000e+02 8.210000000000000000e+02
1.350000000000000000e+02 1.080000000000000000e+02
1.250000000000000000e+03 1.038000000000000000e+03
2.420000000000000000e+02 3.310000000000000000e+02
9.480000000000000000e+02 6.810000000000000000e+02
4.230000000000000000e+02 2.500000000000000000e+02
1.376000000000000000e+03 1.241000000000000000e+03
1.016000000000000000e+03 8.810000000000000000e+02
1.003000000000000000e+03 8.640000000000000000e+02
1.082000000000000000e+03 9.410000000000000000e+02
8.110000000000000000e+02 7.860000000000000000e+02
1.450000000000000000e+02 4.830000000000000000e+02
8.690000000000000000e+02 7.120000000000000000e+02
2.360000000000000000e+02 2.150000000000000000e+02
1.010000000000000000e+03 7.450000000000000000e+02
1.890000000000000000e+02 6.050000000000000000e+02
1.185000000000000000e+03 1.051000000000000000e+03
1.201000000000000000e+03 1.063000000000000000e+03
9.240000000000000000e+02 8.970000000000000000e+02
8.440000000000000000e+02 6.980000000000000000e+02
6.600000000000000000e+01 4.700000000000000000e+01
8.530000000000000000e+02 8.290000000000000000e+02
8.810000000000000000e+02 7.350000000000000000e+02
7.430000000000000000e+02 6.200000000000000000e+02
1.289000000000000000e+03 1.168000000000000000e+03
1.062000000000000000e+03 9.200000000000000000e+02
9.690000000000000000e+02 8.250000000000000000e+02
2.240000000000000000e+02 1.960000000000000000e+02
6.920000000000000000e+02 5.760000000000000000e+02
9.280000000000000000e+02 9.940000000000000000e+02
6.200000000000000000e+01 4.510000000000000000e+02
9.980000000000000000e+02 9.560000000000000000e+02
5.780000000000000000e+02 4.710000000000000000e+02
1.068000000000000000e+03 9.270000000000000000e+02
7.090000000000000000e+02 6.920000000000000000e+02
1.389000000000000000e+03 1.132000000000000000e+03
9.640000000000000000e+02 8.090000000000000000e+02
6.060000000000000000e+02 4.980000000000000000e+02
6.820000000000000000e+02 6.650000000000000000e+02
6.200000000000000000e+02 5.070000000000000000e+02
1.157000000000000000e+03 9.180000000000000000e+02
7.540000000000000000e+02 5.200000000000000000e+02
7.610000000000000000e+02 6.340000000000000000e+02
1.403000000000000000e+03 1.266000000000000000e+03
8.050000000000000000e+02 7.760000000000000000e+02
6.430000000000000000e+02 7.440000000000000000e+02
4.850000000000000000e+02 1.230000000000000000e+02
8.460000000000000000e+02 8.220000000000000000e+02
