1.664000000000000000e+03 2.206000000000000000e+03
1.248000000000000000e+03 1.726000000000000000e+03
1.668000000000000000e+03 2.213000000000000000e+03
1.665000000000000000e+03 2.210000000000000000e+03
1.247000000000000000e+03 3.000000000000000000e+00
1.671000000000000000e+03 2.217000000000000000e+03
5.920000000000000000e+02 9.690000000000000000e+02
1.672000000000000000e+03 2.218000000000000000e+03
5.000000000000000000e+00 1.581000000000000000e+03
9.360000000000000000e+02 1.369000000000000000e+03
1.676000000000000000e+03 2.223000000000000000e+03
1.786000000000000000e+03 2.327000000000000000e+03
1.112000000000000000e+03 1.596000000000000000e+03
8.080000000000000000e+02 1.016000000000000000e+03
1.101000000000000000e+03 1.586000000000000000e+03
1.783000000000000000e+03 2.324000000000000000e+03
8.000000000000000000e+00 1.000000000000000000e+01
1.362000000000000000e+03 1.862000000000000000e+03
2.900000000000000000e+01 3.500000000000000000e+01
8.930000000000000000e+02 1.064000000000000000e+03
7.420000000000000000e+02 1.156000000000000000e+03
1.581000000000000000e+03 2.071000000000000000e+03
7.510000000000000000e+02 9.820000000000000000e+02
5.500000000000000000e+02 1.071000000000000000e+03
7.000000000000000000e+00 7.000000000000000000e+00
5.400000000000000000e+01 5.900000000000000000e+01
1.371000000000000000e+03 1.868000000000000000e+03
3.410000000000000000e+02 2.560000000000000000e+02
9.250000000000000000e+02 1.360000000000000000e+03
1.075000000000000000e+03 1.266000000000000000e+03
9.150000000000000000e+02 1.584000000000000000e+03
4.880000000000000000e+02 8.000000000000000000e+02
5.500000000000000000e+01 8.060000000000000000e+02
6.000000000000000000e+00 6.000000000000000000e+00
1.256000000000000000e+03 1.732000000000000000e+03
5.990000000000000000e+02 3.800000000000000000e+01
1.497000000000000000e+03 2.067000000000000000e+03
1.303000000000000000e+03 1.778000000000000000e+03
7.500000000000000000e+02 9.790000000000000000e+02
9.120000000000000000e+02 1.350000000000000000e+03
1.385000000000000000e+03 1.878000000000000000e+03
5.000000000000000000e+01 5.300000000000000000e+01
1.679000000000000000e+03 2.231000000000000000e+03
1.582000000000000000e+03 2.074000000000000000e+03
1.372000000000000000e+03 1.869000000000000000e+03
