3.770000000000000000e+02 1.100000000000000000e+01
1.310000000000000000e+03 1.664000000000000000e+03
4.560000000000000000e+02 5.920000000000000000e+02
6.100000000000000000e+01 5.300000000000000000e+01
1.314000000000000000e+03 1.671000000000000000e+03
1.230000000000000000e+03 1.619000000000000000e+03
5.000000000000000000e+00 3.000000000000000000e+00
1.313000000000000000e+03 1.672000000000000000e+03
1.151000000000000000e+03 1.576000000000000000e+03
3.750000000000000000e+02 4.820000000000000000e+02
8.510000000000000000e+02 1.139000000000000000e+03
1.700000000000000000e+01 1.300000000000000000e+01
2.300000000000000000e+01 1.900000000000000000e+01
6.860000000000000000e+02 1.112000000000000000e+03
1.318000000000000000e+03 1.678000000000000000e+03
5.700000000000000000e+02 7.420000000000000000e+02
6.660000000000000000e+02 9.120000000000000000e+02
1.317000000000000000e+03 1.676000000000000000e+03
8.020000000000000000e+02 1.247000000000000000e+03
5.870000000000000000e+02 7.490000000000000000e+02
6.700000000000000000e+02 1.098000000000000000e+03
3.200000000000000000e+01 2.800000000000000000e+01
1.041000000000000000e+03 1.681000000000000000e+03
1.307000000000000000e+03 1.660000000000000000e+03
4.700000000000000000e+02 7.510000000000000000e+02
4.670000000000000000e+02 7.500000000000000000e+02
4.200000000000000000e+01 1.682000000000000000e+03
5.990000000000000000e+02 7.580000000000000000e+02
1.037000000000000000e+03 1.371000000000000000e+03
4.900000000000000000e+01 4.700000000000000000e+01
1.235000000000000000e+03 1.583000000000000000e+03
6.000000000000000000e+00 4.000000000000000000e+00
4.650000000000000000e+02 6.050000000000000000e+02
5.860000000000000000e+02 7.480000000000000000e+02
9.480000000000000000e+02 1.263000000000000000e+03
8.290000000000000000e+02 1.303000000000000000e+03
1.033000000000000000e+03 1.494000000000000000e+03
7.230000000000000000e+02 7.790000000000000000e+02
1.309000000000000000e+03 1.663000000000000000e+03
5.780000000000000000e+02 9.250000000000000000e+02
